Time,compartment,s1,at,s2,s3,na,s4,s5,s6,s6o,k0,k1,k2,k31,k33,k32,k34,k4,k5,k6,k7,k8,k9,k10,atot,ntot,n,ki,v1,v2,v3,v4,v5,v7,v8,v9,v10,v6,v0
0.0,1.0,1.0,2.0,5.0,0.6,0.6,0.7,8.0,0.08,0.02,50.0,550.0,9.8,323.8,57823.1,76411.1,23.7,80.0,9.7,2000.0,28.0,85.7,80.0,375.0,4.0,1.0,4.0,1.0,0.0,0.0,0.0,0.0,0.0,0.0,0.0,0.0,0.0,0.0,0.0
0.0025,1.0,0.9711179965951674,2.0463998995590322,5.030971936504421,0.5669933914585034,0.5771737081832605,0.6589202555155085,8.073559553661783,0.07141598166553102,0.020924505196549054,50.0,550.0,9.8,323.8,57823.1,76411.1,23.7,80.0,9.7,2000.0,28.0,85.7,80.0,375.0,4.0,1.0,4.0,1.0,64.70588235294117,49.0,96.88326521453874,112.0,77.6,56.0,20.568,1.6,22.5,64.0,50.0
0.0050,1.0,0.9531526732785544,2.074687846349898,5.050422644533947,0.5522318161344841,0.5689426091886445,0.6215620883345301,8.125059434864209,0.07027881722045594,0.021337450107237404,50.0,550.0,9.8,323.8,57823.1,76411.1,23.7,80.0,9.7,2000.0,28.0,85.7,80.0,375.0,4.0,1.0,4.0,1.0,58.962975167713886,49.30352497774333,86.55441010226806,102.98133418861484,78.31352767051929,57.2991971876529,20.545693420811155,1.6739604157239243,18.93430367586824,60.39310940817747,50.0
0.0075,1.0,0.9415652640163896,2.092383662504176,5.06310868519488,0.5449724241438799,0.5672029747875368,0.5933862250058541,8.16004485821277,0.07027151857828434,0.02161173329681874,50.0,550.0,9.8,323.8,57823.1,76411.1,23.7,80.0,9.7,2000.0,28.0,85.7,80.0,375.0,4.0,1.0,4.0,1.0,55.697634539305966,49.49414191643269,82.5671328210203,95.73608343348872,78.81307651818283,58.09125969779715,20.400337015855655,1.7069960085789924,18.353012667456948,60.58840716071579,50.0
0.01,1.0,0.9339195487577067,2.1039182835751444,5.071597504684673,0.5409417092082492,0.5677570737376161,0.5737321152157865,8.18354868786055,0.07054514099233289,0.021830158423791733,50.0,550.0,9.8,323.8,57823.1,76411.1,23.7,80.0,9.7,2000.0,28.0,85.7,80.0,375.0,4.0,1.0,4.0,1.0,53.72823246590824,49.61846511490983,81.11190553159649,90.55626058129124,79.15243512466385,58.586742550116924,20.21341145013977,1.7289386637454993,18.2474194805496,60.826608395687614,50.0
0.0125,1.0,0.9288382857974808,2.1118970562559203,5.077349667413875,0.5384165231965579,0.568980949240848,0.5605839681681566,8.199322931914791,0.07086636538894259,0.022018054375385242,50.0,550.0,9.8,323.8,57823.1,76411.1,23.7,80.0,9.7,2000.0,28.0,85.7,80.0,375.0,4.0,1.0,4.0,1.0,52.4768281326932,49.7016555459098,80.60602087226226,87.02743790291291,79.38042227224733,58.909711940104046,20.038222081799567,1.7464126739033388,18.268118463202935,60.985276352236845,50.0
0.015,1.0,0.9255179916155564,2.117893279974571,5.081224267909305,0.5366734870294064,0.5702834000801018,0.5520451260398163,8.209965280526026,0.07116243624736111,0.022183375505415902,50.0,550.0,9.8,323.8,57823.1,76411.1,23.7,80.0,9.7,2000.0,28.0,85.7,80.0,375.0,4.0,1.0,4.0,1.0,51.63968641989907,49.75802674065598,80.45086211317005,84.67521924112272,79.53343243957347,59.13311757516577,19.88820863812284,1.7614443500308195,18.318116630084003,61.089507081386515,50.0
0.0175,1.0,0.9234828273430228,2.122874695729648,5.083736289542292,0.5353899692802243,0.5714719237976227,0.5466657686957709,8.217211181163323,0.07141544722097525,0.02232886083965974,50.0,550.0,9.8,323.8,57823.1,76411.1,23.7,80.0,9.7,2000.0,28.0,85.7,80.0,375.0,4.0,1.0,4.0,1.0,51.04683818047348,49.79599782551119,80.41896742836761,83.12062731814585,79.63666322110245,59.301011839287995,19.763920273921133,1.7746700404332723,18.367147778229455,61.159360292465074,50.0
0.02,1.0,0.9224495740733994,2.1274430479469135,5.085198198720886,0.5344075913172278,0.5725035445938829,0.5434234024727089,8.222199388195373,0.07162619423721309,0.022456033261741226,50.0,550.0,9.8,323.8,57823.1,76411.1,23.7,80.0,9.7,2000.0,28.0,85.7,80.0,375.0,4.0,1.0,4.0,1.0,50.59927803697498,49.82061563751447,80.4247296146189,82.09281179177879,79.70694845728423,59.44049148043015,19.66211959555247,1.7863088671727791,18.407469892993316,61.207048417473864,50.0
0.0225,1.0,0.9222505992819278,2.1319707284242693,5.0858008332414295,0.5336382159791202,0.5733881111022341,0.5416259592869709,8.22566750669649,0.07180098734009577,0.022566375897939174,50.0,550.0,9.8,323.8,57823.1,76411.1,23.7,80.0,9.7,2000.0,28.0,85.7,80.0,375.0,4.0,1.0,4.0,1.0,50.2379501642555,49.83494234746469,80.436886087549,81.40730161668908,79.7553340654951,59.56840534251358,19.578794983291203,1.796482660939298,18.43881036580195,61.2398883012773,50.0
0.025,1.0,0.9227872787709003,2.1366830762264843,5.085662313038562,0.5330255263200706,0.5741508848317896,0.5408148177372953,8.22808969433685,0.07194687589496733,0.02266155481476915,50.0,550.0,9.8,323.8,57823.1,76411.1,23.7,80.0,9.7,2000.0,28.0,85.7,80.0,375.0,4.0,1.0,4.0,1.0,49.92746775841479,49.84084816576601,80.44483895649896,80.94185169546773,79.78897481495595,59.69518039587954,19.51015410620017,1.8053100718351338,18.462979290808722,61.26230966776567,50.0
0.0275,1.0,0.9240012837892408,2.141708563231279,5.084858137557858,0.5325292264163941,0.5748188156198638,0.5406889872193109,8.229769364910581,0.07207012822937929,0.022743355836368686,50.0,550.0,9.8,323.8,57823.1,76411.1,23.7,80.0,9.7,2000.0,28.0,85.7,80.0,375.0,4.0,1.0,4.0,1.0,49.64687421288218,49.839490667777916,80.44553439499947,80.61675220139134,79.81247003506743,59.82712613434156,19.45291005748693,1.8129243851815318,18.48199540507432,61.277026877977775,50.0
0.03,1.0,0.9258565530472849,2.1471100446930627,5.083440009997798,0.5321183065623903,0.5754159673216674,0.541051103091654,8.230900389081018,0.07217589980738778,0.02281357230948653,50.0,550.0,9.8,323.8,57823.1,76411.1,23.7,80.0,9.7,2000.0,28.0,85.7,80.0,375.0,4.0,1.0,4.0,1.0,49.38420849587985,49.83160974806701,80.43850615301163,80.38061719238384,79.82876283963263,59.967839770475805,19.404314597447947,1.819468466909495,18.497539647378975,61.28572495799155,50.0
0.0325,1.0,0.9283278532011475,2.1529046240083614,5.081447703605405,0.5317679729396279,0.5759623735061927,0.5417706792995989,8.231607053907746,0.07226829752225752,0.02287391428095298,50.0,550.0,9.8,323.8,57823.1,76411.1,23.7,80.0,9.7,2000.0,28.0,85.7,80.0,375.0,4.0,1.0,4.0,1.0,49.133196746329844,49.81771209797842,80.42407486971732,80.20065233810112,79.83973377408587,60.11908125140575,19.362109854812676,1.8250857847589224,18.510872811712968,61.28946920481598,50.0
0.035,1.0,0.9313935006926897,2.159076584841297,5.078916533645078,0.5314580878507847,0.5764740996744275,0.5427597316507672,8.231969986496232,0.07235054637976615,0.02292595142197967,50.0,550.0,9.8,323.8,57823.1,76411.1,23.7,80.0,9.7,2000.0,28.0,85.7,80.0,375.0,4.0,1.0,4.0,1.0,48.89118405570264,49.79818749533297,80.40274329735573,80.05616932657105,79.84658842290513,60.28132947223412,19.32446121307667,1.8299131424762383,18.522893715489204,61.28895470417275,50.0
0.0375,1.0,0.9350307649572774,2.1655860724413336,5.075882002003573,0.5311722585723778,0.5769636687256517,0.5439568574216517,8.232042905408365,0.07242515800982223,0.022971084426154538,50.0,550.0,9.8,323.8,57823.1,76411.1,23.7,80.0,9.7,2000.0,28.0,85.7,80.0,375.0,4.0,1.0,4.0,1.0,48.65781344317293,49.773382029721766,80.37502723624007,79.93432790409213,79.85010886901344,60.45414437555631,19.289892922696033,1.8340761137583736,18.53422310916993,61.2846605890751,50.0
0.04,1.0,0.9392130297791078,2.172375157880292,5.072382594028492,0.5308972265617706,0.5774405454310317,0.5453169514183478,8.231863412742864,0.0724940727394238,0.023010536318363493,50.0,550.0,9.8,323.8,57823.1,76411.1,23.7,80.0,9.7,2000.0,28.0,85.7,80.0,375.0,4.0,1.0,4.0,1.0,48.434166380486694,49.74364361963502,80.34143299764622,79.82736281962572,79.85081618246113,60.63641002835734,19.257232515478115,1.837686754092363,18.545277593875383,61.276946272880345,50.0
0.0425,1.0,0.9439081253303565,2.179372282850175,5.068461352137239,0.5306224128832618,0.5779115818950901,0.5468046273642287,8.231459923306645,0.07255877218363053,0.023045356245046788,50.0,550.0,9.8,323.8,57823.1,76411.1,23.7,80.0,9.7,2000.0,28.0,85.7,80.0,375.0,4.0,1.0,4.0,1.0,48.222194383004755,49.70934942147923,80.30247535936772,79.73078457929266,79.84907510360578,60.82650442064818,19.225564561231863,1.8408429054690796,18.55632615789762,61.26611167250806,50.0
0.045,1.0,0.9490774496678007,2.1864956903094,5.064166632080194,0.5303395570938699,0.5783814017304371,0.5483900573507526,8.230856089197907,0.07262036679566734,0.023076430343039533,50.0,550.0,9.8,323.8,57823.1,76411.1,23.7,80.0,9.7,2000.0,28.0,85.7,80.0,375.0,4.0,1.0,4.0,1.0,48.02433774225805,49.67092125094494,80.25869986507553,79.64221283560772,79.84516125607445,61.02242391980491,19.194192565922474,1.843628499603743,18.567530976968904,61.25243474124631,50.0
0.0475,1.0,0.9546756270128993,2.193656202562477,5.059552311045309,0.5300424197061111,0.5788527261306781,0.5500463839895627,8.230073596666811,0.0726796640229476,0.02310449609289769,50.0,550.0,9.8,323.8,57823.1,76411.1,23.7,80.0,9.7,2000.0,28.0,85.7,80.0,375.0,4.0,1.0,4.0,1.0,47.8432670399451,49.6288329943859,80.21069909093433,79.5606185917652,79.8393040652197,61.221879328663206,19.162607471317727,1.8461144274431627,18.578976169735427,61.23619450842155,50.0
0.05,1.0,0.9606505314420716,2.2007595574171765,5.054677630035156,0.529726532105683,0.5793266517300943,0.55174815451506,8.229133900631378,0.0727372219835785,0.023130157910508625,50.0,550.0,9.8,323.8,57823.1,76411.1,23.7,80.0,9.7,2000.0,28.0,85.7,80.0,375.0,4.0,1.0,4.0,1.0,47.681707024202325,49.58361264824403,80.15912140659093,79.48582992179878,79.83171388766806,61.422373671749355,19.13046135208388,1.8483596874318153,18.590687973768713,61.217684738005225,50.0
0.0525,1.0,0.9669435569578462,2.2077084209003033,5.049606796868294,0.5293889839960414,0.5798028903078694,0.553470419282167,8.228059261725864,0.07279339246128712,0.023153902654392017,50.0,550.0,9.8,323.8,57823.1,76411.1,23.7,80.0,9.7,2000.0,28.0,85.7,80.0,375.0,4.0,1.0,4.0,1.0,47.542317061396695,49.535840774344535,80.10467341736747,79.41820749791461,79.82259883612437,61.62126760768094,19.097545167655596,1.85041263284069,18.602649027401203,61.19722143136672,50.0
0.055,1.0,0.9734900494369378,2.214404140378055,5.044408439020059,0.5290282415705944,0.5802799786445155,0.5551882625948205,8.22687332210109,0.07284835600933014,0.023176114327079556,50.0,550.0,9.8,323.8,57823.1,76411.1,23.7,80.0,9.7,2000.0,28.0,85.7,80.0,375.0,4.0,1.0,4.0,1.0,47.427611365902706,49.48614660930928,80.04811775884369,79.3584297408165,79.81217483874087,61.81583578520849,19.06376968781376,1.8523122123513613,18.614808677585664,61.175146233835555,50.0
0.0575,1.0,0.9802198394661493,2.220748271229176,5.039154970146452,0.5286439914174363,0.5807554648246185,0.5568766148906039,8.225601373774685,0.07290215116700637,0.02319708762437966,50.0,550.0,9.8,323.8,57823.1,76411.1,23.7,80.0,9.7,2000.0,28.0,85.7,80.0,375.0,4.0,1.0,4.0,1.0,47.339907752348594,49.43520270239658,79.99026773305697,79.307349040001,79.80067122438057,62.00331593058554,19.02914893361623,1.8540891461663644,18.627090630843966,61.15182707989596,50.0
0.06,1.0,0.987057831732794,2.226643894619663,5.0339219161466895,0.528237006316158,0.5812260755322887,0.5585102475886433,8.224270420543212,0.07295469921288061,0.023217040211336294,50.0,550.0,9.8,323.8,57823.1,76411.1,23.7,80.0,9.7,2000.0,28.0,85.7,80.0,375.0,4.0,1.0,4.0,1.0,47.28129709087946,49.383718707435236,79.93197995488312,79.26589438049213,79.78833332561445,62.180951594416925,18.99378565179877,1.855767009950373,18.639398828485014,61.12765695859396,50.0
0.0625,1.0,0.9939246189512477,2.2319967376192817,5.028787233351792,0.5278090298633356,0.5816878675211627,0.5600638856205916,8.222909100616844,0.0730058254635136,0.023236123731628953,50.0,550.0,9.8,323.8,57823.1,76411.1,23.7,80.0,9.7,2000.0,28.0,85.7,80.0,375.0,4.0,1.0,4.0,1.0,47.25362780132568,49.33243477823756,79.87414588067126,79.23500459830434,79.77542307926915,62.34602904935056,18.957858474576746,1.8573632169069034,18.65162212557912,61.10305139547893,50.0
0.065,1.0,1.000737097802543,2.2367161060615466,5.023830641262361,0.5273626773866704,0.5821363654382954,0.561512394456407,8.221547515348282,0.07305527783281007,0.02325443362422227,50.0,550.0,9.8,323.8,57823.1,76411.1,23.7,80.0,9.7,2000.0,28.0,85.7,80.0,375.0,4.0,1.0,4.0,1.0,47.25850110295068,49.28211488684756,79.81768285394362,79.21558215350619,79.76221827598339,62.49590865333989,18.92161051459265,1.8588898985303162,18.663638149456744,61.078445066040345,50.0
0.0675,1.0,1.0074090719630227,2.2407156426906742,5.019132984212408,0.5269013509476116,0.5825666874822789,0.5628310125952165,8.22021699529896,0.07310274316117955,0.023272017851131813,50.0,550.0,9.8,323.8,57823.1,76411.1,23.7,80.0,9.7,2000.0,28.0,85.7,80.0,375.0,4.0,1.0,4.0,1.0,47.2972736491626,49.23354028437114,79.76352512038378,79.20846091134386,79.74901089887834,62.628050969723304,18.885339213497282,1.8603546899377816,18.675316578220425,61.0542878382663,50.0
0.07,1.0,1.0138518335750084,2.2439139266820463,5.014775629789627,0.5264291664383616,0.5829736599193647,0.5639956097713444,8.218949825601356,0.07314786168064258,0.023288884648663726,50.0,550.0,9.8,323.8,57823.1,76411.1,23.7,80.0,9.7,2000.0,28.0,85.7,80.0,375.0,4.0,1.0,4.0,1.0,47.371064802743334,49.187503245281604,79.71261512325984,79.2143837013866,79.73610485439991,62.74003799533888,18.84938730857781,1.861761428090545,18.686521991267902,61.03104046380673,50.0
0.0725,1.0,1.0199747198448994,2.2462349346166706,5.010839906386914,0.5259508908907814,0.5833519212140631,0.5649829572933311,8.217778946337383,0.0731902398840901,0.023305009411210657,50.0,550.0,9.8,323.8,57823.1,76411.1,23.7,80.0,9.7,2000.0,28.0,85.7,80.0,375.0,4.0,1.0,4.0,1.0,47.48076625085039,49.14480117193835,79.66589527873712,79.23398685855402,79.72381330833315,62.8295899470973,18.814134810290657,1.8631107718930981,18.697116386992068,61.00917008280585,50.0
0.075,1.0,1.0256856461152173,2.2476083869217396,5.007406577599108,0.5254718881631812,0.5836960164091008,0.5657710011229774,8.21673763930957,0.07322946200162113,0.023320340807747867,50.0,550.0,9.8,323.8,57823.1,76411.1,23.7,80.0,9.7,2000.0,28.0,85.7,80.0,375.0,4.0,1.0,4.0,1.0,47.62705197726376,49.10623108259176,79.62430033922021,79.26778984304046,79.7124557794726,62.89457816926678,18.77999189891644,1.8644007528968527,18.70696142732979,60.989145667175976,50.0
0.0775,1.0,1.0308916209690757,2.2479700074475866,5.004555347074138,0.5249980711796834,0.5840004823789485,0.5663391312406266,8.215859209399053,0.07326510024541998,0.023334806220268654,50.0,550.0,9.8,323.8,57823.1,76411.1,23.7,80.0,9.7,2000.0,28.0,85.7,80.0,375.0,4.0,1.0,4.0,1.0,47.810386831185106,49.07258446047126,79.58875037575274,79.31618858326374,79.70235510130283,62.933034833808705,18.747392654341077,1.8656272646198293,18.715920447702473,60.97143349498651,50.0
0.08,1.0,1.0354992528897058,2.2472617272316477,5.002364383666731,0.5245358588810581,0.5842599246540021,0.5666684430020592,8.215176666211645,0.07329672396065531,0.023348316582680554,50.0,550.0,9.8,323.8,57823.1,76411.1,23.7,80.0,9.7,2000.0,28.0,85.7,80.0,375.0,4.0,1.0,4.0,1.0,48.03103207049728,49.044642401326556,79.5601443434305,79.37945151117242,79.6938343311708,62.943160208532426,18.716789531886025,1.8667844976214922,18.723860259431746,60.95649272110538,50.0
0.0825,1.0,1.0394152619104888,2.245431866735748,5.00090985312315,0.5240921360131031,0.5844690866476627,0.5667419878761989,8.214722409607724,0.07332390780879769,0.023360770689320964,50.0,550.0,9.8,323.8,57823.1,76411.1,23.7,80.0,9.7,2000.0,28.0,85.7,80.0,375.0,4.0,1.0,4.0,1.0,48.28904631718758,49.02317095993397,79.53935413382104,79.45771744158085,79.68721366225296,62.92332836248614,18.688648491140572,1.8678653266144443,18.730652766740537,60.944771084035295,50.0
0.085,1.0,1.04254701375147,2.2424353341555965,5.00026543884705,0.5236742138288801,0.5846229122999366,0.566545012360168,8.214527920797288,0.07334623910813463,0.023372059034792825,50.0,550.0,9.8,323.8,57823.1,76411.1,23.7,80.0,9.7,2000.0,28.0,85.7,80.0,375.0,4.0,1.0,4.0,1.0,48.58428034363681,49.00891656060687,79.52721896329378,79.55099453683309,79.68280737319492,62.872092268600944,18.66344467522649,1.8688616551456771,18.736176419803773,60.936700764704554,50.0
0.0875,1.0,1.0448030983500658,2.238233881062501,5.000501830359751,0.5232897897082917,0.5847166033671327,0.5660651851295011,8.214623458830062,0.07336332446156293,0.02338206724143968,50.0,550.0,9.8,323.8,57823.1,76411.1,23.7,80.0,9.7,2000.0,28.0,85.7,80.0,375.0,4.0,1.0,4.0,1.0,48.916364008930266,49.002601300701095,79.52453989397817,79.65915962676897,79.68092083173369,62.7881893563567,18.641658525618844,1.869764722783426,18.74031752750318,60.93269438897893,50.0
0.09,1.0,1.0460939796612578,2.232796460936771,5.001686153677324,0.522946903591053,0.5847456728298612,0.5652928136821389,8.215037760435958,0.07337479581200716,0.0233906791274205,50.0,550.0,9.8,323.8,57823.1,76411.1,23.7,80.0,9.7,2000.0,28.0,85.7,80.0,375.0,4.0,1.0,4.0,1.0,49.284683482760066,49.00491793752556,79.53207423294617,79.78195714169905,79.6818475506516,62.670548669750026,18.6237722028408,1.8705653793151744,18.74297145754622,60.93314114135396,50.0
0.0925,1.0,1.0463327493219734,2.226099741364352,5.003881312799101,0.5226538889616846,0.5847059961560438,0.5642210529298286,8.215797739216217,0.07338031607959371,0.023397779466833257,50.0,550.0,9.8,323.8,57823.1,76411.1,23.7,80.0,9.7,2000.0,28.0,85.7,80.0,375.0,4.0,1.0,4.0,1.0,49.688346631824054,49.01652430603777,79.55052950328621,79.91899687568691,79.6858662762288,62.518300906229584,18.61026616591235,1.87125433019364,18.744043756719996,60.9384029323227,50.0
0.095,1.0,1.0454360234125457,2.218128827007021,5.007145205688262,0.5224193158995908,0.5845938624393922,0.5628461094109466,8.216928178112763,0.07337958455087153,0.023403256493436834,50.0,550.0,9.8,323.8,57823.1,76411.1,23.7,80.0,9.7,2000.0,28.0,85.7,80.0,375.0,4.0,1.0,4.0,1.0,50.126134106520496,49.038036865431195,79.58055662624933,80.06974973759203,79.6932380703973,62.33079275820186,18.601615742898623,1.8718223573466606,18.74345122978517,60.94881053605902,50.0
0.0975,1.0,1.0433250292060268,2.208878258008406,5.011529771444478,0.5222519233947553,0.5844060277350348,0.5611674460539878,8.218451406875108,0.07337234220803979,0.023407004200978226,50.0,550.0,9.8,323.8,57823.1,76411.1,23.7,80.0,9.7,2000.0,28.0,85.7,80.0,375.0,4.0,1.0,4.0,1.0,50.59643327177623,49.07002301574497,79.62274189508348,80.23354057524944,79.70420332769379,62.10760715619659,18.59828750056028,1.8722605194749466,18.741123021538012,60.964659588159186,50.0
0.1,1.0,1.0399269374439473,2.1983533571138274,5.017079817872016,0.5221605377128187,0.5841397732297792,0.5591879936953346,8.220386953907344,0.07335837720451789,0.023408924495689497,50.0,550.0,9.8,323.8,57823.1,76411.1,23.7,80.0,9.7,2000.0,28.0,85.7,80.0,375.0,4.0,1.0,4.0,1.0,51.097151712094124,49.11299176015589,79.67759725769808,80.40953708201539,79.71897864668854,61.84859122423537,18.60073519212145,1.8725603360782581,18.737001752648084,60.986206305247244,50.0
0.1025,1.0,1.035176505048433,2.1865720079040507,5.023831570617671,0.5221539730606515,0.5837929712078301,0.556914376798067,8.222751159456964,0.07333753071138269,0.023408929259917402,50.0,550.0,9.8,323.8,57823.1,76411.1,23.7,80.0,9.7,2000.0,28.0,85.7,80.0,375.0,4.0,1.0,4.0,1.0,51.625606677394465,49.167382215145764,79.74554835736338,80.5967337266763,79.73775345290123,61.55389399918717,18.609395027752225,1.8727139596551599,18.731044765810648,61.013662759532416,50.0
0.105,1.0,1.0290181026037086,2.1735669549391154,5.03181087716908,0.522240910154913,0.5833641620877992,0.5543571619284602,8.225556734708668,0.07330970337591212,0.02340694238980801,50.0,550.0,9.8,323.8,57823.1,76411.1,23.7,80.0,9.7,2000.0,28.0,85.7,80.0,375.0,4.0,1.0,4.0,1.0,52.17838664641322,49.23354939205318,79.82691971103803,80.79392960690284,79.76068624673255,61.22401622131342,18.62467997205576,1.8727143407933922,18.72322554429948,61.04719151267819,50.0
0.1075,1.0,1.021408209083384,2.159388721972767,5.041030992578669,0.522429747552973,0.5828526460821495,0.5515311383430267,8.2288122491741,0.07327486264662635,0.02340290187414493,50.0,550.0,9.8,323.8,57823.1,76411.1,23.7,80.0,9.7,2000.0,28.0,85.7,80.0,375.0,4.0,1.0,4.0,1.0,52.751181374657506,49.31174659625699,79.921916340263,80.9996991449846,79.78790032667408,60.85987473829523,18.646972726962016,1.8725553911846406,18.713535369789046,61.08689938623609,50.0
0.11,1.0,1.0123184608068707,2.1441092427913153,5.051489871107263,0.5227284198260861,0.5822585932092615,0.5484556402249048,8.232521527179378,0.0732330512253484,0.023396761985353023,50.0,550.0,9.8,323.8,57823.1,76411.1,23.7,80.0,9.7,2000.0,28.0,85.7,80.0,375.0,4.0,1.0,4.0,1.0,53.33857769321346,49.40210372727096,80.0306011226406,81.21235467338983,79.81947881698876,60.46288421523748,18.676617008733718,1.8722321499315944,18.701985289680533,61.13283012346825,50.0
0.1125,1.0,1.0017393386104594,2.1278262843517415,5.063166892798126,0.5231441759565955,0.5815831753763183,0.545154919220902,8.236682933828861,0.0731843969002897,0.023388495656604773,50.0,550.0,9.8,323.8,57823.1,76411.1,23.7,80.0,9.7,2000.0,28.0,85.7,80.0,375.0,4.0,1.0,4.0,1.0,53.93382043271106,49.50460073685118,80.15286712472714,81.4299002745898,79.85545881363996,60.035058798156825,18.713906678577516,1.8717409588282419,18.688608464998268,61.18495568491051,50.0
0.115,1.0,0.9896845607601802,2.110668704257484,5.076018972004243,0.5236833109332212,0.5808287238988247,0.5416585732820852,8.241288532464518,0.07312912398623943,0.023378097119779798,50.0,550.0,9.8,323.8,57823.1,76411.1,23.7,80.0,9.7,2000.0,28.0,85.7,80.0,375.0,4.0,1.0,4.0,1.0,54.528541880303145,49.61903554942164,80.28840424499774,81.64997685773778,79.89582445813996,59.57913596184876,18.759072245998052,1.871079652528382,18.673462966381848,61.24316592603686,50.0
0.1175,1.0,0.9761962106345055,2.092802510875053,5.0899760342609826,0.5243508437425201,0.5799989149081108,0.5380020324363125,8.246323100654177,0.07306756653558343,0.023365584876006516,50.0,550.0,9.8,323.8,57823.1,76411.1,23.7,80.0,9.7,2000.0,28.0,85.7,80.0,375.0,4.0,1.0,4.0,1.0,55.11247008984203,49.744985925641586,80.43665969140406,81.86979952872677,79.94049876490581,59.098723719209545,18.812264247126922,1.8702477695823838,18.65663507492236,61.3072564429461,50.0
0.12,1.0,0.9613505562801424,2.0744375674028492,5.104935919358308,0.5251501363282363,0.5790989833134129,0.5342270927621681,8.251763001908353,0.07300018336886299,0.023351005061097593,50.0,550.0,9.8,323.8,57823.1,76411.1,23.7,80.0,9.7,2000.0,28.0,85.7,80.0,375.0,4.0,1.0,4.0,1.0,55.67313728363299,49.88176513575763,80.59679221655276,82.08609003253227,79.98933407634551,58.59847030450149,18.87353303029851,1.8692467900805212,18.638243122341343,61.376914459937694,50.0
0.1225,1.0,0.9452644002001747,2.055834581804158,5.120758884477285,0.5260824513402219,0.5781359629365597,0.530382475021568,8.257574927845823,0.07292757478221716,0.02333443524875328,50.0,550.0,9.8,323.8,57823.1,76411.1,23.7,80.0,9.7,2000.0,28.0,85.7,80.0,375.0,4.0,1.0,4.0,1.0,56.19562556714423,50.02837200971142,80.76762073107145,82.29500962387392,80.04210111851101,58.08425188727978,18.942804593366187,1.8680804048878075,18.618441865412024,61.451702796523435,50.0
0.125,1.0,0.9281016195677904,2.037311736871346,5.137262053179701,0.5271464525431301,0.5771189456829159,0.5265243627472496,8.263714552743567,0.07285050049376679,0.023315988700132607,50.0,550.0,9.8,323.8,57823.1,76411.1,23.7,80.0,9.7,2000.0,28.0,85.7,80.0,375.0,4.0,1.0,4.0,1.0,56.66240864811279,50.18343706787739,80.94756902196251,82.4921013083242,80.09847680010448,57.56336829051643,19.01985236052787,1.8667548199002624,18.597427325048955,61.53104222174416,50.0
0.1275,1.0,0.910079313801783,2.01924993718209,5.15421438810018,0.5283376616020189,0.5760593457653059,0.5227168453719967,8.27012518108586,0.0727698979655028,0.023295819013455066,50.0,550.0,9.8,323.8,57823.1,76411.1,23.7,80.0,9.7,2000.0,28.0,85.7,80.0,375.0,4.0,1.0,4.0,1.0,57.053373934385284,50.34516812116107,81.13460991498386,82.67225496122565,80.15803116161258,57.04472863239769,19.10426522197238,1.8652790960106085,18.575441922612818,61.61419291266271,50.0
0.13,1.0,0.8914726799396596,2.002095212909715,5.171333044177698,0.5296478993792325,0.5749711459334496,0.5190321563159159,8.276736518741524,0.07268689966738767,0.023274125045628483,50.0,550.0,9.8,323.8,57823.1,76411.1,23.7,80.0,9.7,2000.0,28.0,85.7,80.0,375.0,4.0,1.0,4.0,1.0,57.34613469778829,50.51130100338177,81.32621437035723,82.82971394452498,80.22021425653283,56.53899824109852,19.19541285263448,1.8636655210764053,18.5527796070179,61.70023630417439,50.0
0.1325,1.0,0.8726174302750267,1.9863564102831845,5.188282240718104,0.5310647588341225,0.5738710918485203,0.5155505582382899,8.283463755717133,0.07260284715258428,0.023251155864983393,50.0,550.0,9.8,323.8,57823.1,76411.1,23.7,80.0,9.7,2000.0,28.0,85.7,80.0,375.0,4.0,1.0,4.0,1.0,57.51675719798572,50.67906383294144,81.51931356845411,82.95814638058893,80.28434423179277,56.058665961472016,19.292410325024754,1.8619300036502786,18.529790483159697,61.788059342560224,50.0
0.135,1.0,0.8539083404408522,1.972596075286679,5.204675986270441,0.5325711784328828,0.5727787896604575,0.512359697290215,8.290207202818193,0.07251929905910327,0.02322721535018314,50.0,550.0,9.8,323.8,57823.1,76411.1,23.7,80.0,9.7,2000.0,28.0,85.7,80.0,375.0,4.0,1.0,4.0,1.0,57.54101691817708,50.84516595903742,81.71028463789806,83.05080614171666,80.34959843045618,55.61797948792917,19.39408532846345,1.8600924691986713,18.506884232850332,61.87634397163902,50.0
0.1375,1.0,0.8357925052163295,1.9614126301841102,5.2200859681765515,0.534145205397899,0.5717166533333393,0.5095532401703785,8.29685275810459,0.07243802949662351,0.023202665884560537,50.0,550.0,9.8,323.8,57823.1,76411.1,23.7,80.0,9.7,2000.0,28.0,85.7,80.0,375.0,4.0,1.0,4.0,1.0,57.396241604975245,51.00582466545033,81.89497254510854,83.10080489208889,80.41500986733647,55.23269010802701,19.498952784983913,1.8581772280146511,18.48453139084505,61.9635654340107,50.0
0.14,1.0,0.8187562382446661,1.953412791646409,5.234055531453244,0.5357600498912689,0.5707096464774537,0.5072286406846086,8.30327346770794,0.07236101296045425,0.023177930430739124,50.0,550.0,9.8,323.8,57823.1,76411.1,23.7,80.0,9.7,2000.0,28.0,85.7,80.0,375.0,4.0,1.0,4.0,1.0,57.06368104665587,51.15684248813021,82.06876067805507,83.1015039728077,80.47947175361452,54.919553645155084,19.605203022091494,1.8562132707648429,18.463261354523617,62.0480033975044,50.0
0.1425,1.0,0.8033053847547944,1.9491748077430147,5.246119825514449,0.5373845249796027,0.5697847730187954,0.5054839721344065,8.309332365969048,0.07229039223860191,0.02315349214738121,50.0,550.0,9.8,323.8,57823.1,76411.1,23.7,80.0,9.7,2000.0,28.0,85.7,80.0,375.0,4.0,1.0,4.0,1.0,56.53116802642345,51.29374420824179,82.22669956195014,83.04701181885598,80.54175263676701,54.69555816609945,19.710710438646544,1.85423443445913,18.44365594864317,62.12776967008592,50.0
0.145,1.0,0.7899400790298688,1.9492053373578229,5.255830947367774,0.5389839345729949,0.5689702952145681,0.5044139105521455,8.31488662165001,0.07222842700965046,0.02312989068191204,50.0,550.0,9.8,323.8,57823.1,76411.1,23.7,80.0,9.7,2000.0,28.0,85.7,80.0,375.0,4.0,1.0,4.0,1.0,55.79564083474537,51.411974290041606,82.36369610227966,82.93274114682951,80.60052394989977,54.57689461680441,19.813069161947563,1.8522793717904968,18.426337534207764,62.20085501098087,50.0
0.1475,1.0,0.7791264035877385,1.9538951074662492,5.262785530496932,0.5405214099955193,0.5682946956850856,0.5041051396959162,8.319792797034445,0.07217742305452117,0.02310771439513194,50.0,550.0,9.8,323.8,57823.1,76411.1,23.7,80.0,9.7,2000.0,28.0,85.7,80.0,375.0,4.0,1.0,4.0,1.0,54.86496380646199,51.50714328420419,82.47475510232142,82.75594844182469,80.65440023000508,54.57774944601904,19.909659987604687,1.8503912545529633,18.411951122901907,62.26519514217151,50.0
0.15,1.0,0.7712685333673855,1.9634800123076739,5.266651178915547,0.5419596136223555,0.5677854459708384,0.5046316231393677,8.323912795252845,0.07213964498372868,0.023087588080552123,50.0,550.0,9.8,323.8,57823.1,76411.1,23.7,80.0,9.7,2000.0,28.0,85.7,80.0,375.0,4.0,1.0,4.0,1.0,53.75850140382371,51.57529819886994,82.55525263958913,82.51615941465792,80.70199013123411,54.70906300905498,19.997748754075186,1.8486171516105552,18.40114074727096,62.31875276883676,50.0
0.1525,1.0,0.7666852949663456,1.978014269906928,5.26718789246836,0.5432626449146762,0.5674676861902201,0.5060502894221063,8.327119900243668,0.0721172185025224,0.02307015622335049,50.0,550.0,9.8,323.8,57823.1,76411.1,23.7,80.0,9.7,2000.0,28.0,85.7,80.0,375.0,4.0,1.0,4.0,1.0,52.50612502083692,51.613181553372364,82.60121083950611,82.2153909555955,80.74195411395259,54.97744034461487,20.07461076269879,1.84700704644417,18.39452133869121,62.35960896892868,50.0
0.155,1.0,0.7655943948699135,1.9973603483102171,5.2642613926687165,0.5443979260449544,0.5673629457800936,0.5083976547396736,8.329304267665059,0.07211203065815407,0.023056062432680952,50.0,550.0,9.8,323.8,57823.1,76411.1,23.7,80.0,9.7,2000.0,28.0,85.7,80.0,375.0,4.0,1.0,4.0,1.0,51.14571630192621,51.61844134618993,82.60953952067331,81.85811711367745,80.77306303236357,55.384399557393984,20.137670203134046,1.845612497868039,18.392648354689467,62.38605476884295,50.0
0.1575,1.0,0.76810603794034,2.0211971122105523,5.2578468484587555,0.5453378322270732,0.5674880352469573,0.5116877575086125,8.330377326863651,0.07212563747495687,0.023045926258402363,50.0,550.0,9.8,323.8,57823.1,76411.1,23.7,80.0,9.7,2000.0,28.0,85.7,80.0,375.0,4.0,1.0,4.0,1.0,49.71963478947276,51.58976164815343,82.57821427407212,81.45098417662099,80.79425139635106,55.92608975268608,20.18463947957208,1.8444849946144761,18.395988084552418,62.39667303551871,50.0
0.16,1.0,0.7742257892234888,2.049044105509831,5.248023383072854,0.5460608719575847,0.5678542128785029,0.515911544101208,8.33027477053813,0.07215918753782041,0.023040319034983495,50.0,550.0,9.8,323.8,57823.1,76411.1,23.7,80.0,9.7,2000.0,28.0,85.7,80.0,375.0,4.0,1.0,4.0,1.0,48.27087159124658,51.526899114895805,82.50637188970526,81.00233697636392,80.80466007057741,56.59351914189546,20.2136422640987,1.843674100672189,18.40489170620794,62.39040234671856,50.0
0.1625,1.0,0.7838649420885911,2.080297212878529,5.234961303536166,0.5465523026063068,0.5684666866016996,0.5210376000581248,8.328958066068212,0.07221336766948687,0.023039740577975924,50.0,550.0,9.8,323.8,57823.1,76411.1,23.7,80.0,9.7,2000.0,28.0,85.7,80.0,375.0,4.0,1.0,4.0,1.0,46.83961673793414,51.43062915411397,82.39431896577102,80.52165343998213,80.80366527421985,57.37323495427527,20.223306486640578,1.8432255227986796,18.419575688563846,62.36657779315826,50.0
0.165,1.0,0.7968557594153163,2.114269791113039,5.218904831130659,0.5468041629216813,0.5693244624946942,0.527013937066792,8.32641464202131,0.07228837357657324,0.023044598456149777,50.0,550.0,9.8,323.8,57823.1,76411.1,23.7,80.0,9.7,2000.0,28.0,85.7,80.0,375.0,4.0,1.0,4.0,1.0,45.4607529995286,51.30262077465443,82.24346333540906,80.01898664213317,80.79089324086165,58.24832196059881,20.212818585841877,1.8431792462380738,18.440110159316607,62.32494764412674,50.0
0.1675,1.0,0.8129688322560603,2.150233714903844,5.200153163297501,0.5468147905096292,0.5704205099657675,0.5337704608033577,8.322657035214734,0.07238390509564313,0.023055191215995554,50.0,550.0,9.8,323.8,57823.1,76411.1,23.7,80.0,9.7,2000.0,28.0,85.7,80.0,375.0,4.0,1.0,4.0,1.0,44.16247356972527,51.14526734508046,82.05618708865667,79.50448813050411,80.7662220276067,59.19955415116509,20.18193664974039,1.8435678764919823,18.466415670158796,62.26566829095005,50.0
0.17,1.0,0.8319302572792959,2.1874561376227315,5.179042176776162,0.5465879517344931,0.5717421865717355,0.5412217555938943,8.31772131928858,0.07249918316739859,0.023071696441594475,50.0,550.0,9.8,323.8,57823.1,76411.1,23.7,80.0,9.7,2000.0,28.0,85.7,80.0,375.0,4.0,1.0,4.0,1.0,42.96593791076563,50.961501000315515,81.83568326720788,78.98804818994321,80.7297732415829,60.206544017307635,20.130965895470897,1.8444152972796444,18.49826770486784,62.18928207534531,50.0
0.1725,1.0,0.8534370654063816,2.2252294803735837,5.155928303432801,0.546131737967054,0.5732718542266363,0.549269897757409,8.311665098453812,0.07263298424871556,0.023094164006860915,50.0,550.0,9.8,323.8,57823.1,76411.1,23.7,80.0,9.7,2000.0,28.0,85.7,80.0,375.0,4.0,1.0,4.0,1.0,41.88570828864726,50.754613332406386,81.58577673492532,78.47905370294106,80.68189679709923,61.24877185343648,20.060704082503296,1.845735715327558,18.535307522176545,62.09668331721072,50.0
0.175,1.0,0.8771700730549139,2.2628937237555515,5.131175343349369,0.5454573795645291,0.5749876200681443,0.5578071112666909,8.30456527606375,0.07278368750417069,0.023122514415910216,50.0,550.0,9.8,323.8,57823.1,76411.1,23.7,80.0,9.7,2000.0,28.0,85.7,80.0,375.0,4.0,1.0,4.0,1.0,40.930659147151815,50.52809737364145,81.31074533713262,77.98624174864523,80.62315145500197,62.306425450460345,19.972366479430036,1.8475331205488732,18.577057590695492,61.989077380880644,50.0
0.1775,1.0,0.9028039166661538,2.2998512241781897,5.105144379529952,0.5445781064061543,0.5768641444510456,0.5667181753083828,8.29651572906869,0.07294933051228925,0.02315654178842953,50.0,550.0,9.8,323.8,57823.1,76411.1,23.7,80.0,9.7,2000.0,28.0,85.7,80.0,375.0,4.0,1.0,4.0,1.0,40.10508748838948,50.28551836482382,81.01515230208291,77.51761871321233,80.55428317781836,63.36102426515544,19.867500115737776,1.8498011532728174,18.622939908097678,61.8679364927281,50.0
0.18,1.0,0.9300144196937377,2.335574962354071,5.078186571227126,0.5435081509759897,0.5788734705529944,0.5758825657137163,8.287624956275675,0.07312767000045062,0.02319592084515406,50.0,550.0,9.8,323.8,57823.1,76411.1,23.7,80.0,9.7,2000.0,28.0,85.7,80.0,375.0,4.0,1.0,4.0,1.0,39.40982832269398,50.03041491939353,80.70369629909354,77.08041695892136,80.47620257196628,64.3958342769893,19.747895818305977,1.8525233430743624,18.67229577144739,61.73495475608191,50.0
0.1825,1.0,0.9584836473613736,2.3696114338013623,5.050638404982231,0.5422619547722751,0.5809858414334803,0.5851763562230263,8.278013728188174,0.07331624495452427,0.023240217165513517,50.0,550.0,9.8,323.8,57823.1,76411.1,23.7,80.0,9.7,2000.0,28.0,85.7,80.0,375.0,4.0,1.0,4.0,1.0,38.84325888619556,49.76622839802584,80.38108225972539,76.68106888941492,80.38996207587404,65.39609894591399,19.615504605410276,1.8556736676123249,18.72440593323621,61.59200374767135,50.0
0.185,1.0,0.9879030763469328,2.401579430760588,5.022818921896058,0.540853606413992,0.5831704793107241,0.594473924606052,8.267812747806031,0.07351244011787927,0.023288899989225658,50.0,550.0,9.8,323.8,57823.1,76411.1,23.7,80.0,9.7,2000.0,28.0,85.7,80.0,375.0,4.0,1.0,4.0,1.0,38.4021394567721,49.49625636882587,80.05191400904926,76.32518723166426,80.29673316342529,66.34912014643814,19.472362925322063,1.8592173732410813,18.778510420879034,61.441089377753656,50.0
0.1875,1.0,1.0179752948448748,2.4311658543685817,4.995028462981452,0.5392965129645019,0.5853963079660097,0.6036495098352551,8.257160329510151,0.07371354830986632,0.023341356877120807,50.0,550.0,9.8,323.8,57823.1,76411.1,23.7,80.0,9.7,2000.0,28.0,85.7,80.0,375.0,4.0,1.0,4.0,1.0,38.08228174915094,49.22362543458137,79.72060864618699,76.01754791734344,80.1977836537185,67.24422406129646,19.320529334259128,1.8631119991380527,18.833827548245104,61.28431035806944,50.0
0.19,1.0,1.048414593708569,2.4581195183216655,4.967548539674361,0.537603285729257,0.5876326031106625,0.6125786571396239,8.246200110386154,0.07391683017068293,0.023396909602130138,50.0,550.0,9.8,323.8,57823.1,76411.1,23.7,80.0,9.7,2000.0,28.0,85.7,80.0,375.0,4.0,1.0,4.0,1.0,37.879060344881836,48.951278937218234,79.39133207487178,75.76207704185735,80.09445519624846,68.07264392232028,19.16203368473513,1.8673085501696645,18.889571787279568,61.123818564392955,50.0
0.1925,1.0,1.0789467388165344,2.4822437124678984,4.940642515800327,0.5357858081023673,0.5898495582029376,0.6211395738150792,8.235078819258424,0.07411956995726651,0.023454830689786543,50.0,550.0,9.8,323.8,57823.1,76411.1,23.7,80.0,9.7,2000.0,28.0,85.7,80.0,375.0,4.0,1.0,4.0,1.0,37.78779355736838,48.68197568880874,79.06795478976498,75.56184599490484,79.98814107074568,68.82734651300663,18.998838784349648,1.8717527681704111,18.944970213207295,60.96178168759153,50.0
0.195,1.0,1.1093081442037842,2.5033881141063126,4.9145568646198345,0.5338554453776502,0.5920187555060572,0.6292144042440765,8.223944139119622,0.07431912597842658,0.02351436006211523,50.0,550.0,9.8,323.8,57823.1,76411.1,23.7,80.0,9.7,2000.0,28.0,85.7,80.0,375.0,4.0,1.0,4.0,1.0,37.804022670270015,48.41829665484321,78.75402676321977,75.41907948742771,79.88026454680671,69.50282394910116,18.83281375178272,1.8763864551829235,18.99927722530499,60.80034872756226,50.0
0.1975,1.0,1.1392446024110143,2.5214404773518773,4.8895228325992335,0.5318233539734697,0.5941135347890234,0.6366904201029346,8.212942706036346,0.07451297426415117,0.023574721262851484,50.0,550.0,9.8,323.8,57823.1,76411.1,23.7,80.0,9.7,2000.0,28.0,85.7,80.0,375.0,4.0,1.0,4.0,1.0,37.923716575539636,48.162657273274384,78.45276996252097,75.33518049337603,79.77225814946033,70.09486719497676,18.665717870018085,1.8811488049692184,19.051787218616756,60.64161901276117,50.0
0.2,1.0,1.168509675343937,2.536318398632029,4.865758398122676,0.52970084928109,0.5961092552694277,0.6434611123490576,8.202218290901994,0.07469874418151086,0.023635136764811455,50.0,550.0,9.8,323.8,57823.1,76411.1,23.7,80.0,9.7,2000.0,28.0,85.7,80.0,375.0,4.0,1.0,4.0,1.0,38.14342510217868,47.91732375947249,78.16708666792351,75.31077468976221,79.66554424855255,70.60033336585256,18.499193538062354,1.8859777010281187,19.101844875487384,60.48761547286558,50.0
0.2025,1.0,1.1968628052290522,2.547961346625385,4.843470459223506,0.527499796301991,0.5979834501060196,0.6494271655517896,8.191910209580223,0.07487424496507511,0.023694841892691325,50.0,550.0,9.8,323.8,57823.1,76411.1,23.7,80.0,9.7,2000.0,28.0,85.7,80.0,375.0,4.0,1.0,4.0,1.0,38.460400319676204,47.68443230160223,77.89958142300212,75.34577530728677,79.56151742174934,71.0169151616968,18.334766881897654,1.8908109411849163,19.148852781262278,60.34026283581785,50.0
0.205,1.0,1.2240671690798375,2.556323053438639,4.8228572217292145,0.5252329943512124,0.5997158766315419,0.6544972921926026,8.182152002750923,0.07503748251035665,0.023753096945050525,50.0,550.0,9.8,323.8,57823.1,76411.1,23.7,80.0,9.7,2000.0,28.0,85.7,80.0,375.0,4.0,1.0,4.0,1.0,38.87270164043068,47.46601050039037,77.65259421489039,75.43946775461708,79.46152903292815,71.34291770551079,18.1738546489492,1.895587351415306,19.19227615214392,60.20137127355245,50.0
0.2075,1.0,1.2498872688746787,2.5613642858481684,4.804110790732835,0.522914535390531,0.6012884691090697,0.658588904135232,8.173070420276254,0.07518666624015076,0.02380919717159391,50.0,550.0,9.8,323.8,57823.1,76411.1,23.7,80.0,9.7,2000.0,28.0,85.7,80.0,375.0,4.0,1.0,4.0,1.0,39.37929801864796,47.264000772946304,77.42824242367728,75.59061218602362,79.36687442668395,71.5770454962819,18.017776140281203,1.900247755604042,19.231644586989795,60.07262581286824,50.0
0.21,1.0,1.274086220505734,2.5630459462872763,4.787419997020401,0.5205601241691471,0.6026852036361845,0.6616285998084624,8.164784737478483,0.07532020633365132,0.023862480354515908,50.0,550.0,9.8,323.8,57823.1,76411.1,23.7,80.0,9.7,2000.0,28.0,85.7,80.0,375.0,4.0,1.0,4.0,1.0,39.98017911897335,47.08028574918179,77.22846923675968,75.79756147464492,79.27878307667966,71.71820000374872,17.86776910755912,1.9047357737275128,19.26655090070882,59.955581598391866,50.0
0.2125,1.0,1.29642267430399,2.5613223879969977,4.772973519210813,0.5181873566445373,0.6038918865483953,0.6635524479198068,8.157406423722867,0.07543670204192413,0.02391233184916323,50.0,550.0,9.8,323.8,57823.1,76411.1,23.7,80.0,9.7,2000.0,28.0,85.7,80.0,375.0,4.0,1.0,4.0,1.0,40.67648711069561,46.916715970799935,77.05509659876817,76.05839188376348,79.19841195354128,71.76528649604374,17.725008744808484,1.9089984283612726,19.296647242175776,59.85166488307048,50.0
0.215,1.0,1.316647264880317,2.5561347616595254,4.760963395547819,0.5158159607392073,0.60489587807132,0.6643060508436163,8.151039178422526,0.07553492214528187,0.0239581870498687,50.0,550.0,9.8,323.8,57823.1,76411.1,23.7,80.0,9.7,2000.0,28.0,85.7,80.0,375.0,4.0,1.0,4.0,1.0,41.47068187945992,46.775140488265976,76.9098813361034,76.37104409696113,79.1268423101118,71.71702686391593,17.590629133048488,1.9129865479330586,19.321638822285333,59.762179461674755,50.0
0.2175,1.0,1.3344984434561162,2.547404134518561,4.751589061060206,0.5134680102479936,0.6056857619695512,0.6638443722732853,8.145779347248785,0.0756137788001689,0.02399953135044662,50.0,550.0,9.8,323.8,57823.1,76411.1,23.7,80.0,9.7,2000.0,28.0,85.7,80.0,375.0,4.0,1.0,4.0,1.0,42.36675522108721,46.65744127636863,76.79457381974113,76.733473154587,79.0650800306985,71.57177332646671,17.46574674936762,1.9166549639894959,19.341275660779942,59.6883181783256,50.0
0.22,1.0,1.3496974853051156,2.5350240270736553,4.745062102379198,0.5111681288240846,0.6062509695673312,0.6621313132876614,8.141716733155842,0.07567229605643988,0.024035897755001857,50.0,550.0,9.8,323.8,57823.1,76411.1,23.7,80.0,9.7,2000.0,28.0,85.7,80.0,375.0,4.0,1.0,4.0,1.0,43.37051452077049,46.56557279839002,76.71097937913665,77.14380723898364,79.01405966831321,71.3273157665197,17.35148593623537,1.9199625080357297,19.355342793645853,59.63117914438301,50.0
0.2225,1.0,1.3619423787629181,2.518851881360943,4.741612003031568,0.5089437069188378,0.6065813628245034,0.6591390174869668,8.138935824191782,0.07570957419762277,0.024066862354737508,50.0,550.0,9.8,323.8,57823.1,76411.1,23.7,80.0,9.7,2000.0,28.0,85.7,80.0,375.0,4.0,1.0,4.0,1.0,44.48996446621289,46.50160860331615,76.66102364646586,77.6005171910872,78.97465231161166,70.98067275806235,17.24900655314681,1.9228718204001485,19.36364936303926,59.59178640567414,50.0
0.225,1.0,1.3709001754168633,2.4986987841911943,4.741493270831056,0.5068251611447195,0.6066667761215331,0.6548468778002241,8.13751747480325,0.07572475077302013,0.02409203791411341,50.0,550.0,9.8,323.8,57823.1,76411.1,23.7,80.0,9.7,2000.0,28.0,85.7,80.0,375.0,4.0,1.0,4.0,1.0,45.73582812686359,46.467797629709366,76.64682412899836,78.10260125379338,78.94767749466027,70.5278526781064,17.159534421582176,1.9253489883790007,19.36601694108197,59.57111500393179,50.0
0.2275,1.0,1.3761971890158442,2.4743164786732215,4.7449945194199685,0.50484627402246,0.6064965098333669,0.6492402028029824,8.137541102224706,0.07571695875644038,0.024111065800889026,50.0,550.0,9.8,323.8,57823.1,76411.1,23.7,80.0,9.7,2000.0,28.0,85.7,80.0,375.0,4.0,1.0,4.0,1.0,47.1222690802298,46.46663405414436,76.67077167536648,78.64979310480615,78.93391950559152,69.96356595735344,17.084395661144008,1.9273630331290728,19.36226732209002,59.57012069789088,50.0
0.23,1.0,1.3774061319422959,2.4453802405169927,4.752450357514079,0.5030446643812951,0.6060587601085857,0.6423084755448155,8.139087499112996,0.07568528167393436,0.02412360644615694,50.0,550.0,9.8,323.8,57823.1,76411.1,23.7,80.0,9.7,2000.0,28.0,85.7,80.0,375.0,4.0,1.0,4.0,1.0,48.66790914324532,46.500946290315696,76.73562730746939,79.24280630394928,78.93414869157964,69.2808614028502,17.02505665974179,1.928885264071122,19.35220985833176,59.5897750709246,50.0
0.2325,1.0,1.3740288006661514,2.411465453923248,4.764257390840197,0.5014624578708605,0.6053399574052997,0.6340430973587289,8.14224242557644,0.07562870475577259,0.02412932842837293,50.0,550.0,9.8,323.8,57823.1,76411.1,23.7,80.0,9.7,2000.0,28.0,85.7,80.0,375.0,4.0,1.0,4.0,1.0,50.397290581002494,46.57401350363798,76.84464246445127,79.88363582123026,78.94914874139606,68.47064673447579,16.98317232577085,1.9298885156925552,19.335628210416534,59.63110740832127,50.0
0.235,1.0,1.3654721356385127,2.372014481041159,4.780896387412737,0.5001472582868581,0.6043239691970759,0.6244344431318665,8.147101241694488,0.07554606009979634,0.024127896131698575,50.0,550.0,9.8,323.8,57823.1,76411.1,23.7,80.0,9.7,2000.0,28.0,85.7,80.0,375.0,4.0,1.0,4.0,1.0,52.34302386755267,46.689722430233935,77.00171461747776,80.5759491084677,78.97975152809146,67.52103270985094,16.960646610039408,1.9303462742698343,19.312266122774872,59.69525568059045,50.0
0.2375,1.0,1.3510141444750037,2.3262882755511387,4.802963929036676,0.4991535729186412,0.6029910960952558,0.613467945427664,8.153774999834587,0.07543596231311332,0.024118955717501948,50.0,550.0,9.8,323.8,57823.1,76411.1,23.7,80.0,9.7,2000.0,28.0,85.7,80.0,375.0,4.0,1.0,4.0,1.0,54.54902354438953,46.852784596644824,77.21159645770778,81.32561847662451,79.02688204443652,66.41640546915245,16.959711365335398,1.930231690535886,19.28181148803666,59.78353040617314,50.0
0.24,1.0,1.3297538211491817,2.2732933554237382,4.8312191218414355,0.4985449361412827,0.6013167485982897,0.6011187398707319,8.162398679348135,0.07529672880848232,0.024102118836982957,50.0,550.0,9.8,323.8,57823.1,76411.1,23.7,80.0,9.7,2000.0,28.0,85.7,80.0,375.0,4.0,1.0,4.0,1.0,57.07552750576661,47.06904650455943,77.48018722329154,82.14147942686684,79.0916174983955,65.13607171543188,16.983032982493352,1.9295164574001558,19.243877473354267,59.89749742585742,50.0
0.2425,1.0,1.3005348735783013,2.211667614608477,4.866655077196416,0.4983971389052719,0.5992696210883095,0.5873440805145644,8.173142699498774,0.07512627528894451,0.024076943043105804,50.0,550.0,9.8,323.8,57823.1,76411.1,23.7,80.0,9.7,2000.0,28.0,85.7,80.0,375.0,4.0,1.0,4.0,1.0,60.007146570666954,47.34594739404607,77.81495254188398,83.03645778512818,79.1752671896769,63.65221395186467,17.033861930683962,1.9281695069586366,19.19797873931226,60.03908932255712,50.0
0.245,1.0,1.2618277334362904,2.1395012864225493,4.910609845977323,0.49880314623418165,0.5968089966001665,0.572071665116879,8.18623027594438,0.07492195506103176,0.024042905036445704,50.0,550.0,9.8,323.8,57823.1,76411.1,23.7,80.0,9.7,2000.0,28.0,85.7,80.0,375.0,4.0,1.0,4.0,1.0,63.466273377503875,47.69321975652488,78.22555080984442,84.02931524417616,79.2794841851381,61.92669320903735,17.116250329396433,1.9261554434484642,19.143499592189517,60.21076152552541,50.0
0.2475,1.0,1.2115244582163205,2.054008899041557,4.964961053924251,0.49988159772051166,0.593881053514179,0.5551840773822381,8.201960612903676,0.07468040604365174,0.023999372873856405,50.0,550.0,9.8,323.8,57823.1,76411.1,23.7,80.0,9.7,2000.0,28.0,85.7,80.0,375.0,4.0,1.0,4.0,1.0,67.63595393000172,48.12397649057777,78.724706017939,85.14708776192509,79.40643367666048,59.90603601983138,17.23537904619846,1.9234324029156564,19.07964375921977,60.41571647546926,50.0
0.25,1.0,1.1465941246484932,1.9509790553712243,5.032453543288369,0.5017902919553174,0.5904122813610896,0.5364892448517252,8.220751346425946,0.07439715825657342,0.023945557121649537,50.0,550.0,9.8,323.8,57823.1,76411.1,23.7,80.0,9.7,2000.0,28.0,85.7,80.0,375.0,4.0,1.0,4.0,1.0,72.80303691332516,48.65661832845766,79.32999640597126,86.43066191837272,79.55901794516565,57.51224917316359,17.398075937365505,1.9199498299085125,19.00538743867325,60.65825565116238,50.0
0.2525,1.0,1.0624500672908275,1.8237333101200337,5.117304270569513,0.5047510124327117,0.5862995416443336,0.5156743387034758,8.243204034789851,0.07406616456565013,0.023880443333495135,50.0,550.0,9.8,323.8,57823.1,76411.1,23.7,80.0,9.7,2000.0,28.0,85.7,80.0,375.0,4.0,1.0,4.0,1.0,79.43790941319206,49.31804472422602,80.06621233842706,87.94221594154084,79.74128806033167,54.62741355039428,17.613675976598152,1.9156445697319628,18.919350425596456,60.94432464705577,50.0
0.255,1.0,0.9518026412985127,1.6612166523226435,5.226301277002752,0.5090958204653891,0.5813938591731215,0.49222848846601663,8.270213002133922,0.07367902165696164,0.023802690215941585,50.0,550.0,9.8,323.8,57823.1,76411.1,23.7,80.0,9.7,2000.0,28.0,85.7,80.0,375.0,4.0,1.0,4.0,1.0,88.3491801433789,50.14958185158123,80.96980140789717,89.77959089170031,79.95907913746156,51.064532683360945,17.89550764954569,1.9104354666796108,18.819645462058123,61.282412458911345,50.0
0.2575,1.0,0.8031327966678484,1.445548524758417,5.370248482119426,0.5153531139674469,0.5754797381822396,0.46534682309497594,8.303107456413414,0.07322396812966145,0.023710476650148634,50.0,550.0,9.8,323.8,57823.1,76411.1,23.7,80.0,9.7,2000.0,28.0,85.7,80.0,375.0,4.0,1.0,4.0,1.0,100.93678754970666,51.21775251462697,82.09576958854008,92.09726336613724,80.22106612069904,46.51406626503402,18.263581566570625,1.9042152172753268,18.703624290382518,61.68498183144143,50.0
0.26,1.0,0.6056536293807643,1.1620466711688253,5.558931931509131,0.5243417555383936,0.5683049284626526,0.4341826329941595,8.343405702458215,0.07268663594371298,0.02360135574840305,50.0,550.0,9.8,323.8,57823.1,76411.1,23.7,80.0,9.7,2000.0,28.0,85.7,80.0,375.0,4.0,1.0,4.0,1.0,118.98544567051856,52.628435124770384,83.52228549625988,95.09647030031562,80.54014232721012,40.47535869323568,18.749260791164026,1.8968381320118908,18.567559304817305,62.17011624347843,50.0
0.2625,1.0,0.3990013632028777,0.8918910093760495,5.751926165059343,0.5366197524380604,0.5599969951540619,0.4008761836337225,8.389360702927908,0.07206420306879904,0.0234726326043813,50.0,550.0,9.8,323.8,57823.1,76411.1,23.7,80.0,9.7,2000.0,28.0,85.7,80.0,375.0,4.0,1.0,4.0,1.0,137.09771265254003,54.477532928789486,85.29322853644427,98.57520389011673,80.93103531384467,32.53730679272711,19.398687917876053,1.888108459872244,18.406980073241225,62.756925007060616,50.0
0.265,1.0,0.27101782978134575,0.7927181343495782,5.8624460252639325,0.5505109937184828,0.5517402574376008,0.3747742615812352,8.430801998827867,0.07140126359978721,0.023323897771411063,50.0,550.0,9.8,323.8,57823.1,76411.1,23.7,80.0,9.7,2000.0,28.0,85.7,80.0,375.0,4.0,1.0,4.0,1.0,119.87354620245291,56.36887641758157,87.0684042195273,99.67734963831926,81.3767988184007,24.972948262529385,20.23499581272925,1.877810608350504,18.221838924156653,63.41693178419891,50.0
0.2675,1.0,0.2110650993266033,0.82323932336921,5.9031708253807595,0.5634078990246584,0.5446791625347005,0.36151079102233713,8.460847301504595,0.0707741794026585,0.023160206227590713,50.0,550.0,9.8,323.8,57823.1,76411.1,23.7,80.0,9.7,2000.0,28.0,85.7,80.0,375.0,4.0,1.0,4.0,1.0,84.71097060061015,57.45197104758655,88.27022080384731,96.16053543056186,81.77877938863031,22.196107761788188,21.148353228796914,1.865911821712885,18.029012185641054,64.01262407974124,50.0
0.27,1.0,0.18626889921154194,0.9114657982021619,5.908225427956558,0.5741712444963125,0.5391855465394171,0.35891895818587166,8.48086571186861,0.07024064025680857,0.022990939340068458,50.0,550.0,9.8,323.8,57823.1,76411.1,23.7,80.0,9.7,2000.0,28.0,85.7,80.0,375.0,4.0,1.0,4.0,1.0,65.48745726268288,57.85107408873145,88.95351886058347,91.87466120779615,82.07021882459456,23.050701054337882,21.98473724506308,1.852816498207257,17.855239940650417,64.44991727307563,50.0
0.2725,1.0,0.18189406329784746,1.0271063625424592,5.893002416939488,0.5826240438575175,0.5352769130434663,0.3635130802749888,8.493802446807484,0.06982923548089379,0.022826510651293912,50.0,550.0,9.8,323.8,57823.1,76411.1,23.7,80.0,9.7,2000.0,28.0,85.7,80.0,375.0,4.0,1.0,4.0,1.0,55.24726818738306,57.900609193974276,89.28709083504127,88.68267824245702,82.26439740512551,25.521042349660533,22.67505518491258,1.8392751472054767,17.71863784377754,64.7358045013253,50.0
0.275,1.0,0.19176581031818662,1.1577022765311566,5.864082567580303,0.5889197913600686,0.5328577374748887,0.3728431336717025,8.501686256444271,0.06954725607387635,0.02267603025097467,50.0,550.0,9.8,323.8,57823.1,76411.1,23.7,80.0,9.7,2000.0,28.0,85.7,80.0,375.0,4.0,1.0,4.0,1.0,48.63117634020106,57.75142368600699,89.3640413169012,86.45485787856853,82.3898837340326,28.75897815118886,23.204032947645572,1.826120852103513,17.626021811099953,64.90251574499135,50.0
0.2775,1.0,0.21278459377075062,1.296783200363859,5.8248557847290785,0.5933053605296195,0.5317984172411913,0.3854744644037392,8.505607330983517,0.06939009716483299,0.022546319231950215,50.0,550.0,9.8,323.8,57823.1,76411.1,23.7,80.0,9.7,2000.0,28.0,85.7,80.0,375.0,4.0,1.0,4.0,1.0,43.66579972779044,57.468009162286975,89.24044919668404,84.77849520368558,82.46635668750943,32.41566374287238,23.57686904809674,1.8140824200779737,17.57670968358813,64.97692510952777,50.0
0.28,1.0,0.24296570047195057,1.4399974502077661,5.777530813799401,0.5960462561642456,0.5319636185352888,0.4006068212659615,8.506080816743824,0.06934787031529781,0.02244182980716308,50.0,550.0,9.8,323.8,57823.1,76411.1,23.7,80.0,9.7,2000.0,28.0,85.7,80.0,375.0,4.0,1.0,4.0,1.0,39.64657106692497,57.08358669034497,88.9532932872027,83.36168384055452,82.50439111054011,36.30992961018806,23.806303809238024,1.8037055385560172,17.56641672483104,64.97710664072467,50.0
0.2825,1.0,0.280770909995436,1.5839296503956668,5.723822579133169,0.5974035107457147,0.5332225861209509,0.4177832879203177,8.503329075173273,0.06940905719468915,0.022364991202545866,50.0,550.0,9.8,323.8,57823.1,76411.1,23.7,80.0,9.7,2000.0,28.0,85.7,80.0,375.0,4.0,1.0,4.0,1.0,36.308725614046004,56.61980197523413,88.52918079059341,82.04435871240186,82.50898392241508,40.31992860581745,23.907843231304142,1.7953463845730464,17.589765190550523,64.9146525693121,50.0
0.285,1.0,0.32489382616139834,1.7257722623545733,5.665175721691856,0.5976249549814137,0.5354520564297429,0.4367181635357481,8.497448887850506,0.06956222248581519,0.022316675589736223,50.0,550.0,9.8,323.8,57823.1,76411.1,23.7,80.0,9.7,2000.0,28.0,85.7,80.0,375.0,4.0,1.0,4.0,1.0,33.53284628271926,56.093461275505064,87.98933019705898,80.7515051603592,82.48229202918074,44.35003021107867,23.89782771804441,1.7891992962036694,17.64152474705373,64.79716043424003,50.0
0.2875,1.0,0.37419676466414825,1.8632435948464603,5.602833326889828,0.5969399201987962,0.5385360703843585,0.45720379224597685,8.488501507641002,0.06979665685106483,0.022296633241427617,50.0,550.0,9.8,323.8,57823.1,76411.1,23.7,80.0,9.7,2000.0,28.0,85.7,80.0,375.0,4.0,1.0,4.0,1.0,31.243609946409148,55.518722072580196,87.35224611728636,79.4557248837256,82.42525421214991,48.32162334592805,23.79250053904909,1.7853340471788979,17.71708008602961,64.62997481192428,50.0
0.29,1.0,0.4276888340986467,1.9945515728609302,5.537863414067873,0.5955549228185247,0.5423646009647215,0.47906204951872217,8.476558687402468,0.07010249343301839,0.02230384413994196,50.0,550.0,9.8,323.8,57823.1,76411.1,23.7,80.0,9.7,2000.0,28.0,85.7,80.0,375.0,4.0,1.0,4.0,1.0,29.379023253707334,54.907766603520315,86.6349979272912,78.15465052336636,82.33846462411772,52.17082065570089,23.607456881071204,1.7837306593142093,17.812508853613956,64.41727908905372,50.0
0.2925,1.0,0.4845109624254625,2.1183525609612355,5.4711779768973,0.5936501291302786,0.5468317495275148,0.5021191842440504,8.461725547441366,0.07047058981276301,0.02233677921093444,50.0,550.0,9.8,323.8,57823.1,76411.1,23.7,80.0,9.7,2000.0,28.0,85.7,80.0,375.0,4.0,1.0,4.0,1.0,27.88339538346831,54.27106145786516,85.85379662785398,76.85873869674724,82.22261926780394,55.84744404010605,23.35727916420184,1.784307531195357,17.924493484903657,64.16276511117472,50.0
0.295,1.0,0.5439219575802104,2.233702478078857,5.40355044417372,0.5913771967426568,0.5518345634054481,0.5261938445127577,8.44414985960931,0.07089230189238013,0.02239357451910528,50.0,550.0,9.8,323.8,57823.1,76411.1,23.7,80.0,9.7,2000.0,28.0,85.7,80.0,375.0,4.0,1.0,4.0,1.0,26.706864822573817,53.617544173593544,85.02422141617978,75.5849021700041,82.07873781018125,59.3138717069146,23.055304558199843,1.7869423368747552,18.050178975685714,63.8700677904279,50.0
0.2975,1.0,0.6052804590024619,2.339999736454751,5.335636999371269,0.5888575046916829,0.5572709599884259,0.5510895866037736,8.42402741374161,0.07135928781834341,0.022472156206971648,50.0,550.0,9.8,323.8,57823.1,76411.1,23.7,80.0,9.7,2000.0,28.0,85.7,80.0,375.0,4.0,1.0,4.0,1.0,25.805905335294966,52.95479435290246,84.16140977412081,74.35319068904346,81.9082536382103,62.543669386207995,22.713484037169138,1.7914859615284224,18.18702276497807,63.54295885758264,50.0
0.3,1.0,0.6680305736867544,2.4369331358130277,5.267993545297789,0.5861822296094262,0.5630392991747593,0.5765926142424638,8.40160125585849,0.07186323824056687,0.02257030283708411,50.0,550.0,9.8,323.8,57823.1,76411.1,23.7,80.0,9.7,2000.0,28.0,85.7,80.0,375.0,4.0,1.0,4.0,1.0,25.143350674909343,52.289242593838445,83.27982120273855,73.18470871994452,81.71306591329362,65.51999262073303,22.34236003166861,1.797772496557732,18.332674354264412,63.18565798344959,50.0
0.3025,1.0,0.7316878743498314,2.5244309179934175,5.201091959238559,0.5834134597327537,0.5690383310704391,0.6024717923493031,8.377158360415953,0.0723957393072854,0.022685679690305556,50.0,550.0,9.8,323.8,57823.1,76411.1,23.7,80.0,9.7,2000.0,28.0,85.7,80.0,375.0,4.0,1.0,4.0,1.0,24.68796188205554,51.62633674391834,82.39315396761585,72.10022475658691,81.49553218182734,68.23412780276477,21.951077836725158,1.8056242269667289,18.484850776306033,62.802821890338684,50.0
0.305,1.0,0.7958273343420799,2.6026139779597792,5.135334041075046,0.580586528864422,0.5751679755697936,0.6284804435444546,8.351023951231934,0.07294819942322574,0.022815855386394936,50.0,550.0,9.8,323.8,57823.1,76411.1,23.7,80.0,9.7,2000.0,28.0,85.7,80.0,375.0,4.0,1.0,4.0,1.0,24.413714044742516,50.97070120053788,81.51409641882212,71.11909996573773,81.25843609603474,70.68406570381569,21.5474514408014,1.8148543752244444,18.641272356367445,62.399577270514264,50.0
0.3075,1.0,0.8600732323109699,2.6717533371113222,5.071063178215405,0.5777134636704174,0.5813308577237835,0.6543594793088858,8.323553915489418,0.07351187493176001,0.022958312473793523,50.0,550.0,9.8,323.8,57823.1,76411.1,23.7,80.0,9.7,2000.0,28.0,85.7,80.0,375.0,4.0,1.0,4.0,1.0,24.299000331186864,50.32627360253545,80.65403616022432,70.25838295477273,81.00493232694976,72.87319138287381,21.138055010512268,1.825268430911595,18.79962901381155,61.9814624790148,50.0
0.31,1.0,0.92409083853208,2.7322317195055716,5.008573968692289,0.5747873425068285,0.5874344077938942,0.6798415043915664,8.295125787093298,0.07407799633381325,0.023110461738506158,50.0,550.0,9.8,323.8,57823.1,76411.1,23.7,80.0,9.7,2000.0,28.0,85.7,80.0,375.0,4.0,1.0,4.0,1.0,24.325874956826024,49.69641914651097,79.82277111584686,69.53206357772802,80.73847298024735,74.80909343911702,20.728327587108268,1.836664997903482,18.95758592173743,61.55430724959293,50.0
0.3125,1.0,0.9875795986337418,2.784509120605812,4.948120132766286,0.5717872598022815,0.593393225032577,0.7046555736922837,8.266128858232905,0.0746379801369928,0.023269666925388545,50.0,550.0,9.8,323.8,57823.1,76411.1,23.7,80.0,9.7,2000.0,28.0,85.7,80.0,375.0,4.0,1.0,4.0,1.0,24.479395737206367,49.08402489318444,79.02827857936906,68.95051960249933,80.46272013480498,76.50248814615601,20.322682066329527,1.8488369390804926,19.112825473240157,61.12406485380279,50.0
0.315,1.0,1.050267509533328,2.8290923979003675,4.889921055922233,0.5686835110172426,0.599131348155376,0.7285323095549523,8.236954038610273,0.07518369619162492,0.02343328298148495,50.0,550.0,9.8,323.8,57823.1,76411.1,23.7,80.0,9.7,2000.0,28.0,85.7,80.0,375.0,4.0,1.0,4.0,1.0,24.747087403526045,48.49157730110961,78.27659266677126,68.52019383498,80.18144992485918,77.96625537696274,19.924613564004556,1.8615733540310835,19.263117454351594,60.69661678717044,50.0
0.3175,1.0,1.11190640176113,2.866509005361551,4.834167278669919,0.5654425878075584,0.6045840916854173,0.7512091134537278,8.207984083452473,0.07570774999334896,0.023598707204277498,50.0,550.0,9.8,323.8,57823.1,76411.1,23.7,80.0,9.7,2000.0,28.0,85.7,80.0,375.0,4.0,1.0,4.0,1.0,25.11852450817606,47.92122634803789,77.57182098715352,68.24352157064772,79.89845417451964,79.21458714121029,19.536805527630122,1.8746626385187959,19.40640495380249,60.277573866064934,50.0
0.32,1.0,1.1722678799715733,2.8972849799330596,4.781025203739871,0.5620316136358298,0.6096991925232832,0.7724352294837763,8.179584745165595,0.0762037369508357,0.023763439379684694,50.0,550.0,9.8,323.8,57823.1,76411.1,23.7,80.0,9.7,2000.0,28.0,85.7,80.0,375.0,4.0,1.0,4.0,1.0,25.585021599349886,47.37483933096521,76.91630331828372,68.11910121521066,79.61744560948898,80.26225215012343,19.161234025022654,1.8878965763421998,19.5408910459018,59.872097460146854,50.0
0.3225,1.0,1.2311397160495101,2.9219271707747825,4.730641242625368,0.5584219482344577,0.6144371410775639,0.7919764387464409,8.152097281229098,0.07666643182374659,0.023925144708773553,50.0,550.0,9.8,323.8,57823.1,76411.1,23.7,80.0,9.7,2000.0,28.0,85.7,80.0,375.0,4.0,1.0,4.0,1.0,26.139414050707924,46.85404699665074,76.31088729788735,68.14207436644912,79.34197202810627,81.12397943812567,18.799271348348704,1.9010751503747756,19.665111589181624,59.48476012930898,50.0
0.325,1.0,1.2883225289585873,2.940909521613277,4.6831455788050285,0.5545918200173424,0.6187707105686298,0.8096191881282153,8.125832596758707,0.07709188960159201,0.02408171243440818,50.0,550.0,9.8,323.8,57823.1,76411.1,23.7,80.0,9.7,2000.0,28.0,85.7,80.0,375.0,4.0,1.0,4.0,1.0,26.775912738111764,46.36028417772861,75.75527682110268,68.30466239992701,79.07534362792225,81.81396078169391,18.451789575929123,1.9140115767018842,19.77798266811489,59.11945727469155,50.0
0.3275,1.0,1.3436266179255967,2.9546630259682836,4.638655688653251,0.5505279777163293,0.6226838131226862,0.8251739898641998,8.10106714115904,0.07747745031719439,0.02423130364078518,50.0,550.0,9.8,323.8,57823.1,76411.1,23.7,80.0,9.7,2000.0,28.0,85.7,80.0,375.0,4.0,1.0,4.0,1.0,27.49001794272206,45.894826672289284,75.2484024027011,68.59679786126254,78.82057618855946,82.34546660517175,18.11926351675002,1.9265369947526545,19.878816437693935,58.77937258747313,50.0
0.33,1.0,1.396868838502308,2.9635688178446946,4.5972797349846015,0.5462264601491321,0.6261698810421168,0.8384779727496415,8.078040537180176,0.07782165553537554,0.02437238341900147,50.0,550.0,9.8,323.8,57823.1,76411.1,23.7,80.0,9.7,2000.0,28.0,85.7,80.0,375.0,4.0,1.0,4.0,1.0,28.27848132212439,45.458825748801864,74.78876869203813,69.00679052914566,78.58035126924268,82.73056472711194,17.8018711544272,1.9385042912628145,19.96730500365345,58.466992245320625,50.0
0.3325,1.0,1.4478694236298248,2.9679537599938572,4.559119932986723,0.5416926518645098,0.6292299916407472,0.8493965200651437,8.05695481193928,0.07812409536265869,0.024503734951503216,50.0,550.0,9.8,323.8,57823.1,76411.1,23.7,80.0,9.7,2000.0,28.0,85.7,80.0,375.0,4.0,1.0,4.0,1.0,29.139308821913477,45.0533414028491,74.3747483254983,69.5219773206476,78.3569932106477,82.97992689965145,17.499588850719793,1.9497906735201176,20.043477043640276,58.1841574925777,50.0
0.335,1.0,1.496448653770219,2.968087850114904,4.5242759839875415,0.5369408209014032,0.6318709332049051,0.8578239869209927,8.037975028728582,0.07838521035831728,0.02462445549521125,50.0,550.0,9.8,323.8,57823.1,76411.1,23.7,80.0,9.7,2000.0,28.0,85.7,80.0,375.0,4.0,1.0,4.0,1.0,30.071801614191124,44.67937534326989,74.00480779494742,70.12931878460269,78.15246167581101,83.102705279828,17.212278442437725,1.9602987961202571,20.107635154183303,57.932142981344036,50.0
0.3375,1.0,1.5424232710701413,2.9641827688853692,4.492848679204984,0.5319933306752606,0.6341033637698048,0.8636835425862449,8.021231084395193,0.07860607297482163,0.024733936270091992,50.0,550.0,9.8,323.8,57823.1,76411.1,23.7,80.0,9.7,2000.0,28.0,85.7,80.0,375.0,4.0,1.0,4.0,1.0,31.076636453984513,44.33790464307791,73.67766543194165,70.81591956533168,77.96835777866724,83.1064598032173,16.939763948749025,1.9699564396169,20.16028307366476,57.7117486794891,50.0
0.34,1.0,1.5856025112012255,2.956390920968016,4.464943794242859,0.5268796928285533,0.6359401595539073,0.8669262241302688,8.006820434220776,0.07878816953279197,0.02483182961475846,50.0,550.0,9.8,323.8,57823.1,76411.1,23.7,80.0,9.7,2000.0,28.0,85.7,80.0,375.0,4.0,1.0,4.0,1.0,32.155991419618864,44.029917056208845,73.39239152232285,71.56946365127676,77.80594151863338,82.99711752879034,16.681896665366622,1.9787149016073593,20.202051264273614,57.523395377504976,50.0
0.3425,1.0,1.6257835903114068,2.944804347423555,4.440676427978778,0.5216355933673947,0.6373949982029473,0.8675293117678796,7.994811527410636,0.07893319804830566,0.024918007386706964,50.0,550.0,9.8,323.8,57823.1,76411.1,23.7,80.0,9.7,2000.0,28.0,85.7,80.0,375.0,4.0,1.0,4.0,1.0,33.313728296370414,43.756449183580024,73.14846562054824,72.37856626826122,77.66615821194152,82.77894578710445,16.43860865279702,1.9865463691806768,20.233627469262565,57.3672168582959,50.0
0.345,1.0,1.6627464283424331,2.929452891809015,4.420175991315748,0.5163019895864689,0.6384811802330467,0.8654941421650633,7.985247774711614,0.07904289108563474,0.024992514553526187,50.0,550.0,9.8,323.8,57823.1,76411.1,23.7,80.0,9.7,2000.0,28.0,85.7,80.0,375.0,4.0,1.0,4.0,1.0,34.55564963125512,43.51862899419202,72.94580732182679,73.23305266080817,77.54967181588317,82.45452172785953,16.209955770672494,1.9934405909365571,20.25569649809951,57.24314484030597,50.0
0.3475,1.0,1.6962473049066233,2.9103009583675767,4.403592130396456,0.5109243459564162,0.6392106622337749,0.8608434644707413,7.978151920078183,0.07911886730679371,0.025055521421071585,50.0,550.0,9.8,323.8,57823.1,76411.1,23.7,80.0,9.7,2000.0,28.0,85.7,80.0,375.0,4.0,1.0,4.0,1.0,35.88985792992397,43.31772471489433,72.78479558372325,74.12418008408366,77.45690341470265,82.02468097065243,15.996152323226596,1.999401164282095,20.268891199540708,57.15098539249301,50.0
0.35,1.0,1.726011014726204,2.8872420794822196,4.391101989723152,0.5055520563738227,0.6395932562138318,0.853618416806191,7.97353074780212,0.07916251107429584,0.025107277173392544,50.0,550.0,9.8,323.8,57823.1,76411.1,23.7,80.0,9.7,2000.0,28.0,85.7,80.0,375.0,4.0,1.0,4.0,1.0,37.327258519712224,43.15520287788527,72.66628960996981,75.04482385834415,77.38807362475836,81.48842683429214,15.797600035730234,2.004441713685727,20.273754707145798,57.09048748086389,50.0
0.3525,1.0,1.7517208901893058,2.8600902673783954,4.382919408020404,0.5002380893174381,0.6396359378570742,0.8438751596102304,7.971380125201129,0.0791748764253961,0.025148066528784915,50.0,550.0,9.8,323.8,57823.1,76411.1,23.7,80.0,9.7,2000.0,28.0,85.7,80.0,375.0,4.0,1.0,4.0,1.0,38.88226951830033,43.032799499286895,72.59166243581699,75.98965235207496,77.34324825368056,80.84277822550214,15.614914547744181,2.0085821738714036,20.270712712838733,57.06140569244689,50.0
0.355,1.0,1.7730057432109105,2.8285666889355725,4.379306937167731,0.4950388923521731,0.6393421985284538,0.8316811456443151,7.9716904628189,0.07915660976497303,0.025178170468239412,50.0,550.0,9.8,323.8,57823.1,76411.1,23.7,80.0,9.7,2000.0,28.0,85.7,80.0,375.0,4.0,1.0,4.0,1.0,40.573837826930365,42.95261019859996,72.56285748274766,76.95532060458493,77.32238721445096,80.08252748659507,15.448953022862591,2.0118453223027934,20.260053711229194,57.06356017663982,50.0
0.3575,1.0,1.789422265172989,2.792279440924775,4.380592060684826,0.4900146046092343,0.6387113673398664,0.8171109294246927,7.974452778833614,0.07910788434191571,0.025197831232462484,50.0,550.0,9.8,323.8,57823.1,76411.1,23.7,80.0,9.7,2000.0,28.0,85.7,80.0,375.0,4.0,1.0,4.0,1.0,42.42691952099088,42.91720798424377,72.58247911719363,77.94071985535811,77.32539748934333,79.19986729019602,15.300847024475809,2.014253637459153,20.241914736275106,57.0968976995526,50.0
0.36,1.0,1.8004305589981666,2.750692867343959,4.38718981010482,0.4852296540779298,0.6377378154336643,0.8002413086980159,7.979665701233342,0.07902833850657622,0.02520722112554039,50.0,550.0,9.8,323.8,57823.1,76411.1,23.7,80.0,9.7,2000.0,28.0,85.7,80.0,375.0,4.0,1.0,4.0,1.0,44.47468624406576,42.9298021947113,72.6539313946146,78.94733348090132,77.35219195468605,78.1838243458937,15.172045745573067,2.015826498596999,20.216269916044958,57.16155873305343,50.0
0.3625,1.0,1.8053589626862063,2.703080458749966,4.399635422487934,0.48075386912171786,0.6364099279045999,0.7811454207147108,7.987343967180968,0.0789170083188497,0.0252064140752034,50.0,550.0,9.8,323.8,57823.1,76411.1,23.7,80.0,9.7,2000.0,28.0,85.7,80.0,375.0,4.0,1.0,4.0,1.0,46.76190560881506,42.99446013902724,72.78162594083636,79.97977398419489,77.40275730196342,77.01940028563085,15.064376380876098,2.0165776900432313,20.182919017888437,57.25795710008035,50.0
0.365,1.0,1.8033515462440344,2.648450881925171,4.418633341387446,0.476664328393781,0.6347086778180971,0.7598851318842899,7.997529356365871,0.07877224249809822,0.025195358303152837,50.0,550.0,9.8,323.8,57823.1,76411.1,23.7,80.0,9.7,2000.0,28.0,85.7,80.0,375.0,4.0,1.0,4.0,1.0,49.35029548357495,43.11642714038176,72.97129275629318,81.046620854631,77.47723648165538,75.68625284499905,14.98013151815305,2.016513126016272,20.14147284136736,57.386881488407695,50.0
0.3675,1.0,1.793286289218366,2.585427846571899,4.445134028040133,0.4730483485493483,0.6326055391751065,0.7365005453985792,8.010305673812674,0.07859158267828348,0.025173847713018647,50.0,550.0,9.8,323.8,57823.1,76411.1,23.7,80.0,9.7,2000.0,28.0,85.7,80.0,375.0,4.0,1.0,4.0,1.0,52.32735156635969,43.302606745596975,73.23045169197619,82.16176638691095,77.57603475674894,74.15662469390479,14.922199074181746,2.015628664252227,20.09133157310452,57.54963322672756,50.0
0.37,1.0,1.773644694932794,2.512054640244763,4.4804568767599005,0.47000821609055965,0.6300592990977716,0.7109936047151266,8.025821645647481,0.07837155881934144,0.025141484745331944,50.0,550.0,9.8,323.8,57823.1,76411.1,23.7,80.0,9.7,2000.0,28.0,85.7,80.0,375.0,4.0,1.0,4.0,1.0,55.8216259334068,43.56231347479331,73.5691484609327,83.34665300043513,77.69996503598293,72.39197970401317,14.894260891620075,2.013907817041492,20.031650611974314,57.74822428692599,50.0
0.3725,1.0,1.7422716544827095,2.4254103308111374,4.526518936213309,0.46766973234127884,0.6270110258220298,0.6833061878156672,8.044322042697381,0.07810749670420698,0.025097646335050048,50.0,550.0,9.8,323.8,57823.1,76411.1,23.7,80.0,9.7,2000.0,28.0,85.7,80.0,375.0,4.0,1.0,4.0,1.0,60.03032483883555,43.90847739224703,74.00100977584863,84.63357079612175,77.85046996278056,70.33752992685336,14.901101973902795,2.0113187796265555,19.961277777753562,57.98565880085478,50.0
0.375,1.0,1.6959382295007053,2.3209092352595553,4.586252841315372,0.4661963720196315,0.6233749594420618,0.6532739078684725,8.066210025993083,0.07779289126175776,0.025041412987465282,50.0,550.0,9.8,323.8,57823.1,76411.1,23.7,80.0,9.7,2000.0,28.0,85.7,80.0,375.0,4.0,1.0,4.0,1.0,65.27559091546176,44.359885574890434,74.54564011975484,86.07414913818994,78.02992381416459,67.91148926271185,14.949135523809097,2.007811706804004,19.87869388843385,58.266470142622694,50.0
0.3775,1.0,1.62941341303102,2.19075421285259,4.664500724129015,0.4658177039656184,0.6190222591132082,0.6205434965030825,8.09215676691366,0.07741859833418847,0.024971466806229907,50.0,550.0,9.8,323.8,57823.1,76411.1,23.7,80.0,9.7,2000.0,28.0,85.7,80.0,375.0,4.0,1.0,4.0,1.0,72.12449937569014,44.94527784489065,75.23208948243987,87.75249484382819,78.2422372521329,64.98545858726754,15.047311198451778,2.0033130389972227,19.781804352859677,58.597501653157586,50.0
0.38,1.0,1.5332218714532315,2.0200995214706974,4.770187207331707,0.466890699958027,0.6137468059018995,0.5843880670494668,8.123339656583939,0.07697105727362263,0.02488591026027243,50.0,550.0,9.8,323.8,57823.1,76411.1,23.7,80.0,9.7,2000.0,28.0,85.7,80.0,375.0,4.0,1.0,4.0,1.0,81.68767483803282,45.71210709646435,76.10670168096821,89.81725654319406,78.49392063906251,61.34111795987252,15.208851327926288,1.9977173444983927,19.667674322984464,58.98952539196214,50.0
0.3825,1.0,1.3868609019227176,1.7750704724672037,4.922937792181785,0.4700609572703587,0.6071835945059714,0.5432244121414174,8.162045073007064,0.07642851531222623,0.02478191758953664,50.0,550.0,9.8,323.8,57823.1,76411.1,23.7,80.0,9.7,2000.0,28.0,85.7,80.0,375.0,4.0,1.0,4.0,1.0,96.49910346643773,46.747834631850736,77.2508075020661,92.56241708784428,78.7963946688642,56.562786601179525,15.454968669953736,1.9908728208217943,19.531930130006327,59.460633450089155,50.0
0.385,1.0,1.1306050466496769,1.351510586552374,5.180758659400854,0.47682874733807873,0.5985592429454573,0.49292352628284447,8.213702357514409,0.07575089789370798,0.024654943080086346,50.0,550.0,9.8,323.8,57823.1,76411.1,23.7,80.0,9.7,2000.0,28.0,85.7,80.0,375.0,4.0,1.0,4.0,1.0,123.89960872511918,48.2447903633815,78.83141896406099,96.69088277200679,79.17183720816851,49.7019732290817,15.824304084750697,1.9825534071629312,19.367474146008597,60.04474932438808,50.0
0.3875,1.0,0.6750300800071943,0.6065639872743166,5.628993776999641,0.4915545005650224,0.586312916681711,0.4237209994521752,8.290632426510214,0.07486134853948716,0.024496807019267014,50.0,550.0,9.8,323.8,57823.1,76411.1,23.7,80.0,9.7,2000.0,28.0,85.7,80.0,375.0,4.0,1.0,4.0,1.0,193.80454597611387,50.77143486212837,81.28173608912932,104.4402192799509,79.67291286788976,37.84229642346647,16.404564877246983,1.9723954464069076,19.16098305510811,60.818995596023,50.0
0.39,1.0,0.46477937852624623,0.3950131363977108,5.823456193323809,0.5127316303233147,0.5727037368558466,0.36274541415950895,8.364753260079098,0.07376871963248616,0.02429712595558738,50.0,550.0,9.8,323.8,57823.1,76411.1,23.7,80.0,9.7,2000.0,28.0,85.7,80.0,375.0,4.0,1.0,4.0,1.0,198.34758784987662,55.164139014596486,84.92430624181733,115.02960791113048,80.41913453714908,16.983791643680863,17.427073371952904,1.9597445615413611,18.886703070082554,61.93834586114858,50.0
0.3925,1.0,0.371769763378536,0.4000556094755206,5.897784660940377,0.5324240027835127,0.56076553702008,0.3325048267333704,8.410662334108332,0.07263556890275928,0.024056697533162592,50.0,550.0,9.8,323.8,57823.1,76411.1,23.7,80.0,9.7,2000.0,28.0,85.7,80.0,375.0,4.0,1.0,4.0,1.0,98.5766289780891,57.06987069457333,86.97577584396466,104.61539623016013,81.13810662276724,11.060367819135902,18.77586813554483,1.9437700764469903,18.55184762883704,63.04219647178015,50.0
0.395,1.0,0.30726893150763707,0.4464415979360082,5.942207280145537,0.5493096138862702,0.5507475352727659,0.3211218606073468,8.439462141318268,0.07159188588782554,0.023788581373782522,50.0,550.0,9.8,323.8,57823.1,76411.1,23.7,80.0,9.7,2000.0,28.0,85.7,80.0,375.0,4.0,1.0,4.0,1.0,79.75778366758259,57.7982896772157,88.23727881974882,95.75991086568885,81.58342464085082,11.201557065314576,20.04171380957819,1.9245358026530073,18.217076763598758,63.80809020048889,50.0
0.3975,1.0,0.2571287609172001,0.5115437098948722,5.971379937005651,0.5635759891920084,0.5425433877863365,0.31946499139311985,8.459785447768105,0.07070135357640185,0.0235102183666263,50.0,550.0,9.8,323.8,57823.1,76411.1,23.7,80.0,9.7,2000.0,28.0,85.7,80.0,375.0,4.0,1.0,4.0,1.0,72.56508513474311,58.23363134542627,89.10943309778938,91.29002286781275,81.86278277078719,12.500364742208228,21.148934413181376,1.9030865099026018,17.926239192766133,64.32566237915303,50.0
0.4,1.0,0.21837711893689687,0.5917439578006158,5.988598619805687,0.5755321979506764,0.5359991269761774,0.32293770375872416,8.475815355918746,0.06998031853941289,0.02323758006283354,50.0,550.0,9.8,323.8,57823.1,76411.1,23.7,80.0,9.7,2000.0,28.0,85.7,80.0,375.0,4.0,1.0,4.0,1.0,67.70672343020523,58.51952338265538,89.71898573133696,89.15517269549674,82.05991884335062,14.32322387705642,22.094450926881454,1.880817469330104,17.696675703665832,64.68560337196236,50.0
0.4025,1.0,0.1906068029192678,0.6864288715250285,5.994552500454556,0.5854235918834165,0.5309575744480902,0.3294382088707738,8.489297926747996,0.06942221036868167,0.022982790355246915,50.0,550.0,9.8,323.8,57823.1,76411.1,23.7,80.0,9.7,2000.0,28.0,85.7,80.0,375.0,4.0,1.0,4.0,1.0,63.31020452352637,58.68826647409574,90.13486987566347,88.05235040717331,82.21540895241183,16.568830818417243,22.88596580531854,1.8590064050266832,17.528526928717255,64.94185779354557,50.0
0.405,1.0,0.17402076469711772,0.7951440752595861,5.989313402684095,0.5934296525770903,0.5272778469360477,0.3380745195880827,8.500802411613614,0.06901234119344461,0.02275393946758052,50.0,550.0,9.8,323.8,57823.1,76411.1,23.7,80.0,9.7,2000.0,28.0,85.7,80.0,375.0,4.0,1.0,4.0,1.0,58.887093424533376,58.74661450445465,90.3917668439646,87.32935500245625,82.34618988945556,19.2200084027008,23.532234579604882,1.8386232284197532,17.41478250503803,65.12392387700278,50.0
0.4075,1.0,0.16874743465150194,0.9168282230515122,5.973025882406236,0.5996908813825028,0.5248422166497845,0.34851079257649203,8.510359294882358,0.06873487159895245,0.022555787801377736,50.0,550.0,9.8,323.8,57823.1,76411.1,23.7,80.0,9.7,2000.0,28.0,85.7,80.0,375.0,4.0,1.0,4.0,1.0,54.37015710365223,58.69527134630414,90.50451576496677,86.67841016845088,82.45778339265206,22.26403410726841,24.041193300090768,1.8203151574064416,17.346900647199035,65.24732503389845,50.0
0.41,1.0,0.17456765942886274,1.0496090930247965,5.946174654646766,0.6043349212731526,0.5235542498794736,0.36064935857312985,8.517773315380898,0.06857545079884207,0.022390651879181944,50.0,550.0,9.8,323.8,57823.1,76411.1,23.7,80.0,9.7,2000.0,28.0,85.7,80.0,375.0,4.0,1.0,4.0,1.0,49.86147268212609,58.535653647581114,90.47873485681266,85.96149117070311,82.55048516035886,25.671190245442343,24.420025593834136,1.8044630241102189,17.317156424090516,65.31981845563986,50.0
0.4125,1.0,0.1908532443943947,1.1908873176622472,5.909636737679607,0.6074951016991406,0.5233326043484392,0.3744779021146146,8.522778980407251,0.06852180439148611,0.022259181055849717,50.0,550.0,9.8,323.8,57823.1,76411.1,23.7,80.0,9.7,2000.0,28.0,85.7,80.0,375.0,4.0,1.0,4.0,1.0,45.523521930729416,58.27251161553831,90.31766653764707,85.12452705124815,82.62240115919471,29.3890546046943,24.67584137907441,1.7912521503345555,17.319299594872547,65.34496419141512,50.0
0.415,1.0,0.21663941569774614,1.3376066837372032,5.864600177294145,0.6093200147133323,0.5241041020903171,0.3899976988830668,8.525118681581397,0.0685635064896918,0.022160943813170186,50.0,550.0,9.8,323.8,57823.1,76411.1,23.7,80.0,9.7,2000.0,28.0,85.7,80.0,375.0,4.0,1.0,4.0,1.0,41.51212739089302,57.914440029260156,90.0259375169993,84.15604992683197,82.67095610995032,33.34484489454292,24.816415355429406,1.7807344844679773,17.34848375086365,65.32422008927074,50.0
0.4175,1.0,0.2507630527764799,1.4865963382495564,5.812419904405148,0.6099748173231903,0.5257982369572836,0.40719275576752395,8.52458026107929,0.06869153401286965,0.022094834357209596,50.0,550.0,9.8,323.8,57823.1,76411.1,23.7,80.0,9.7,2000.0,28.0,85.7,80.0,375.0,4.0,1.0,4.0,1.0,37.93626262965807,57.47308173748262,89.61104490661941,83.06618134913182,82.69365121133954,37.45298714464169,24.85067714575055,1.772875505053615,17.400961003695603,65.2581829694965,50.0
0.42,1.0,0.29200262328513943,1.6348710451207957,5.754475495963095,0.6096364685146896,0.52834380506016,0.4260193796114002,8.521012553235252,0.06889785254311842,0.02205933985120426,50.0,550.0,9.8,323.8,57823.1,76411.1,23.7,80.0,9.7,2000.0,28.0,85.7,80.0,375.0,4.0,1.0,4.0,1.0,34.84572232297968,56.96171506317046,89.08336607769797,81.87518107074791,82.6884285324691,41.62469747098758,24.788822165487257,1.7675867485767678,17.47376237087252,65.14729307002303,50.0
0.4225,1.0,0.3391796732196195,1.779823795216512,5.692070434764867,0.6084857771919273,0.531667297273041,0.446404861381481,8.514329571319815,0.06917511499866329,0.022052711140783214,50.0,550.0,9.8,323.8,57823.1,76411.1,23.7,80.0,9.7,2000.0,28.0,85.7,80.0,375.0,4.0,1.0,4.0,1.0,32.24049519270238,56.39385986043833,88.45546123301366,80.60726160468784,82.65382176638194,45.77638926338228,24.642076620002346,1.7647471880963408,17.56444225946781,64.99219794002683,50.0
0.425,1.0,0.3912167652952175,1.919315563681847,5.6263767992759846,0.6066986728994581,0.5356922116265815,0.4682487232664745,8.504510312559253,0.0695164351549556,0.022073068715639466,50.0,550.0,9.8,323.8,57823.1,76411.1,23.7,80.0,9.7,2000.0,28.0,85.7,80.0,375.0,4.0,1.0,4.0,1.0,30.088855832818375,55.7822902606957,87.74128098863655,79.28779607510685,82.5889968418022,49.835066266062334,24.422253683295054,1.7642168912626572,17.670901446705027,64.79393713754436,50.0
0.4275,1.0,0.44715994505953716,2.0516879099336833,5.558416295958999,0.6044382714829138,0.5403387365245375,0.49142414500933573,8.491597063749131,0.06991519286839913,0.02211846466746931,50.0,550.0,9.8,323.8,57823.1,76411.1,23.7,80.0,9.7,2000.0,28.0,85.7,80.0,375.0,4.0,1.0,4.0,1.0,28.3440352177836,55.13849263290465,86.95550639081539,77.94222646611193,82.49375003182475,53.74083578309172,24.141254560274138,1.7658454972511572,17.791262414743553,64.55404452480319,50.0
0.43,1.0,0.5061789075578356,2.1757305596985135,5.48906377250579,0.6018484819867429,0.5455234539293953,0.5157788144260361,8.47569344226933,0.07036485625230049,0.022186914465590863,50.0,550.0,9.8,323.8,57823.1,76411.1,23.7,80.0,9.7,2000.0,28.0,85.7,80.0,375.0,4.0,1.0,4.0,1.0,26.955573088824018,54.472479700398196,86.11310803419815,76.59580824577532,82.36849151836657,57.44726147814313,23.810618864528603,1.7694771733975447,17.923773075348684,64.27461178003799,50.0
0.4325,1.0,0.5675572336437811,2.290629844798288,5.419060370662753,0.5990497645109572,0.5511595464790349,0.5411363062631384,8.45696099487232,0.07085880556825605,0.02227640196535469,50.0,550.0,9.8,323.8,57823.1,76411.1,23.7,80.0,9.7,2000.0,28.0,85.7,80.0,375.0,4.0,1.0,4.0,1.0,25.875629654296628,53.792824970556744,85.22906107426272,75.27356232898794,82.2142263900125,60.92045567155838,23.441179858395394,1.774953157247269,18.066728170016113,63.95835366860024,50.0
0.435,1.0,0.630676003413085,2.39590969824263,5.349033062390987,0.5961358375570851,0.5571560277782323,0.5672957249645422,8.435617876856018,0.07139018204925585,0.022384880143812617,50.0,550.0,9.8,323.8,57823.1,76411.1,23.7,80.0,9.7,2000.0,28.0,85.7,80.0,375.0,4.0,1.0,4.0,1.0,25.0618149640907,53.10679163249498,84.3182587809078,74.00018014578416,82.0325216502615,64.13763565435205,23.042824716290966,1.7821121572283751,18.218401351088012,63.608596854419865,50.0
0.4375,1.0,0.6949994955857833,2.491376560389204,5.279511487141572,0.5931728542569943,0.5634184899594604,0.5940334635542589,8.411934164059382,0.07195171178652011,0.022510248525225637,50.0,550.0,9.8,323.8,57823.1,76411.1,23.7,80.0,9.7,2000.0,28.0,85.7,80.0,375.0,4.0,1.0,4.0,1.0,24.47789551830622,52.420524011431674,83.3950863311543,72.79948565152307,81.82549340550337,67.08547155079364,22.624385408041324,1.7907904115050095,18.37698821454121,63.229423592655195,50.0
0.44,1.0,0.7600613007318975,2.5770669256782437,5.2109440219127885,0.5901999885044648,0.5698501222674969,0.6211056083836338,8.386226074597035,0.07253564675459305,0.02265033040022022,50.0,550.0,9.8,323.8,57823.1,76411.1,23.7,80.0,9.7,2000.0,28.0,85.7,80.0,375.0,4.0,1.0,4.0,1.0,24.093517057420186,51.73921257398741,82.47322764927085,71.69382456249123,81.595761391376,69.75854369089771,22.193583346557517,1.800819882018051,18.540548722985427,62.825573963521286,50.0
0.4425,1.0,0.8254524343783335,2.653199625790532,5.143711486297685,0.5872315762809521,0.5763534837679591,0.6482513114404876,8.358848482809883,0.0731337759774829,0.022802853554139666,50.0,550.0,9.8,323.8,57823.1,76411.1,23.7,80.0,9.7,2000.0,28.0,85.7,80.0,375.0,4.0,1.0,4.0,1.0,23.88348453405291,51.06725141474533,81.56531751909304,70.70333702526472,81.34639292359124,72.15787391899082,21.75704061292327,1.8120264320176176,18.706993632889812,62.402399165472474,50.0
0.445,1.0,0.8908114875007314,2.7201326874123897,5.078138503481722,0.584260619594011,0.5828329426026728,0.6751970495806533,8.33018585172705,0.0737375394114738,0.022965441129859366,50.0,550.0,9.8,323.8,57823.1,76411.1,23.7,80.0,9.7,2000.0,28.0,85.7,80.0,375.0,4.0,1.0,4.0,1.0,23.82693456169005,50.40837256571732,80.68257252124076,69.84520870638616,81.08083028325586,74.2895895221349,21.320327006653418,1.8242282843311732,18.874095908753713,61.9657388235103,50.0
0.4475,1.0,0.9558165880792442,2.7783244980276867,5.014502797808193,0.5812633524411083,0.5891975492397875,0.7016615810857016,8.300641961271168,0.0743382432236487,0.023135618464601437,50.0,550.0,9.8,323.8,57823.1,76411.1,23.7,80.0,9.7,2000.0,28.0,85.7,80.0,375.0,4.0,1.0,4.0,1.0,23.906558206251884,49.76575733412088,79.8344518789724,69.13301066510994,80.80280276175237,76.16371524754692,20.888028089880102,1.8372352903887492,19.039536855605416,61.521744672007934,50.0
0.45,1.0,1.020178853017254,2.828299182200654,4.953042795734549,0.5782044570563268,0.5953639906140298,0.7273613598844232,8.27062899509778,0.07492735542386905,0.02331083930080525,50.0,550.0,9.8,323.8,57823.1,76411.1,23.7,80.0,9.7,2000.0,28.0,85.7,80.0,375.0,4.0,1.0,4.0,1.0,24.10793964778925,49.142127418520296,79.0284112929031,68.57622114300493,80.51622702433032,77.79308594477523,20.46382391299581,1.850849477168115,19.200984284642722,61.07666500296728,50.0
0.4525,1.0,1.0836370014103385,2.8706162813856206,4.893963896220244,0.5750424482445988,0.6012592273209049,0.7520161555766588,8.240556643765029,0.07549684375605573,0.02348853143609886,50.0,550.0,9.8,323.8,57823.1,76411.1,23.7,80.0,9.7,2000.0,28.0,85.7,80.0,375.0,4.0,1.0,4.0,1.0,24.419027887631312,48.53981939819859,78.26980166097114,68.17999201697785,80.22510125244847,79.19237710161832,20.05057289043728,1.8648671440644198,19.356193546148926,60.6366121851172,50.0
0.455,1.0,1.145952832092132,2.9058449134349025,4.8374437361269536,0.5717347444183307,0.6068224616282827,0.7753546337783506,8.210821877393428,0.07603950798434073,0.023666158288657386,50.0,550.0,9.8,323.8,57823.1,76411.1,23.7,80.0,9.7,2000.0,28.0,85.7,80.0,375.0,4.0,1.0,4.0,1.0,24.82973494631648,47.9608461829584,77.56193702905652,67.94518417946053,79.93339944452077,80.37725587879737,19.650398970683476,1.8790825148879087,19.503117119983827,60.20733962824516,50.0
0.4575,1.0,1.2069073156360857,2.934542528507685,4.7836367216404385,0.5682420225163254,0.612006205771482,0.7971196636441442,8.181799948466681,0.07654925921128172,0.023841289813516926,50.0,550.0,9.8,323.8,57823.1,76411.1,23.7,80.0,9.7,2000.0,28.0,85.7,80.0,375.0,4.0,1.0,4.0,1.0,25.331643703219676,47.40694861404415,76.90632144085727,67.86865731523206,79.64497221071625,81.36365757617727,19.264782331606877,1.8932926630925908,19.640006135881254,59.79405313655926,50.0
0.46,1.0,1.2662970998828849,2.9572382058914726,4.732678041873685,0.5645315912378452,0.6167763807547904,0.8170731349487421,8.153837032161428,0.0770213094347976,0.024011674421334398,50.0,550.0,9.8,323.8,57823.1,76411.1,23.7,80.0,9.7,2000.0,28.0,85.7,80.0,375.0,4.0,1.0,4.0,1.0,25.917805582443172,46.879639872076304,76.30299397568096,67.94376810424755,79.3634595001268,82.16719079821519,18.894654225126,1.907303185081354,19.7654885241618,59.40127505353505,50.0
0.4625,1.0,1.3239312711633597,2.974420213543601,4.684687333019504,0.5605796777387172,0.6211115308345367,0.8350000903621675,8.12724473200032,0.07745225188957187,0.024175303397767224,50.0,550.0,9.8,323.8,57823.1,76411.1,23.7,80.0,9.7,2000.0,28.0,85.7,80.0,375.0,4.0,1.0,4.0,1.0,26.582609381972045,46.380244810362115,75.75093407498471,68.16101184936235,79.09221921196585,82.80266976496124,18.540495651356768,1.9209339537067518,19.878613130048702,59.0327699212167,50.0
0.465,1.0,1.3796282469776446,2.986527342535301,4.639772124184211,0.5563726703229265,0.6250013519102483,0.8507120153042699,8.102296504943649,0.0778400318363167,0.024330460725790645,50.0,550.0,9.8,323.8,57823.1,76411.1,23.7,80.0,9.7,2000.0,28.0,85.7,80.0,375.0,4.0,1.0,4.0,1.0,27.321705771852503,45.90993586359114,75.24846831161294,68.50873714917645,78.83427390040309,83.28376597922082,18.202437978374345,1.9340242718213778,19.978855684426744,58.69153030371549,50.0
0.4675,1.0,1.4332126985427227,2.9939433758360328,4.598031170506538,0.5519074676811822,0.6284447861418496,0.8640491795252304,8.079225915694503,0.07818382360314191,0.02447575371266009,50.0,550.0,9.8,323.8,57823.1,76411.1,23.7,80.0,9.7,2000.0,28.0,85.7,80.0,375.0,4.0,1.0,4.0,1.0,28.131976183285904,45.46976681700527,74.79363207155471,68.97386935100543,78.59227609795339,83.62276559098844,17.880362231884146,1.9464368580632516,20.06608916644727,58.37981341176399,50.0
0.47,1.0,1.4845124131834315,2.9969939714702827,4.559557765209448,0.5471911438827131,0.6314479329892206,0.8748819866737197,8.058226527172737,0.0784838398332917,0.024610122754394458,50.0,550.0,9.8,323.8,57823.1,76411.1,23.7,80.0,9.7,2000.0,28.0,85.7,80.0,375.0,4.0,1.0,4.0,1.0,29.011539267973543,45.06070547096408,74.38445870752818,69.54259205318392,78.36849138223667,83.83041452340892,17.57399312868524,1.9580602970128071,20.140526208930684,58.0992145982266,50.0
0.4725,1.0,1.5333550073076632,2.995945226969501,4.52444311927956,0.5422401518369141,0.6340219845615146,0.8831113515462502,8.039453174968095,0.07874110230486873,0.024732831290849844,50.0,550.0,9.8,323.8,57823.1,76411.1,23.7,80.0,9.7,2000.0,28.0,85.7,80.0,375.0,4.0,1.0,4.0,1.0,29.95979248580148,44.68366609905259,74.01918791738494,70.20095255086373,78.16479731357555,83.91583120116792,17.282984204866743,1.9688098203515567,20.202643904586463,57.85076279500519,50.0
0.475,1.0,1.5795643906815309,2.991003224062837,4.492779905247598,0.5370792688929426,0.6361813310535224,0.8886681796256594,8.02302435340349,0.0789572014695617,0.024843439057839676,50.0,550.0,9.8,323.8,57823.1,76411.1,23.7,80.0,9.7,2000.0,28.0,85.7,80.0,375.0,4.0,1.0,4.0,1.0,30.97749065360774,44.33954256893969,73.6963998961065,70.9353734109942,77.98269579719052,83.88646635514603,17.006991428390865,1.9786265032679875,20.253101630257085,57.635024709949214,50.0
0.4775,1.0,1.6229568609931897,2.9823139036366126,4.464666080696976,0.5317404513824381,0.637941917784184,0.8915120624273417,8.009025451524385,0.0791340660799484,0.02494176292690218,50.0,550.0,9.8,323.8,57823.1,76411.1,23.7,80.0,9.7,2000.0,28.0,85.7,80.0,375.0,4.0,1.0,4.0,1.0,32.06686770236682,44.029243071426464,73.4150905471594,71.73306624961906,77.82333622801386,83.74809027375943,16.74573412713627,1.987475124627174,20.29266090439576,57.45220788478961,50.0
0.48,1.0,1.663336671799874,2.969962665961792,4.440209139819835,0.5262617228543334,0.6393198803687233,0.8916293214191565,7.997512610160849,0.0792737570912945,0.0250278299639311,50.0,550.0,9.8,323.8,57823.1,76411.1,23.7,80.0,9.7,2000.0,28.0,85.7,80.0,375.0,4.0,1.0,4.0,1.0,33.23181293371141,43.753727590830366,73.17470628072832,72.58235445380431,77.68754687978654,83.50478930182516,16.499043535093193,1.9953410341521742,20.32211368239233,57.30225640569155,50.0
0.4825,1.0,1.7004908620490373,2.953973107330113,4.419530992032566,0.5206861821798797,0.6403304438050631,0.8890305328017776,7.988517018644715,0.07937829309867936,0.02510182701064598,50.0,550.0,9.8,323.8,57823.1,76411.1,23.7,80.0,9.7,2000.0,28.0,85.7,80.0,375.0,4.0,1.0,4.0,1.0,34.478119504101485,43.514049570234384,72.97515636082518,73.47291913479074,77.57587231856023,83.15895464693018,16.266900497108857,2.002226397114488,20.342222672761274,57.184936382617735,50.0
0.485,1.0,1.7341830529097289,2.9343042692889503,4.402773743367547,0.5150611874155766,0.6409870447812781,0.8837476474614178,7.982049526422077,0.07944950887729244,0.025164050334799497,50.0,550.0,9.8,323.8,57823.1,76411.1,23.7,80.0,9.7,2000.0,28.0,85.7,80.0,375.0,4.0,1.0,4.0,1.0,35.81383186374485,43.311403721919156,72.81681825909703,74.39598765722378,77.48861508085373,82.71124700524317,16.049464762868272,2.0081461608516786,20.35367478301252,57.09991090062726,50.0
0.4875,1.0,1.7641457930679134,2.910845663736328,4.390106772860274,0.5094377512506428,0.641300621479491,0.8758307877931691,7.978105507967121,0.07948894447709097,0.02521485793408521,50.0,550.0,9.8,323.8,57823.1,76411.1,23.7,80.0,9.7,2000.0,28.0,85.7,80.0,375.0,4.0,1.0,4.0,1.0,37.24973229096191,43.147182685001965,72.70054855269743,75.34448759404535,77.42588040629414,82.1605195400906,15.847098863373834,2.01312402678396,20.35704695343485,57.04680594542567,50.0
0.49,1.0,1.7900708420211604,2.883409106108204,4.3817356761212745,0.5038701744507803,0.6412790075065893,0.865344757709695,7.976669989459247,0.07949775968190476,0.02525462609254427,50.0,550.0,9.8,323.8,57823.1,76411.1,23.7,80.0,9.7,2000.0,28.0,85.7,80.0,375.0,4.0,1.0,4.0,1.0,38.80002758402472,43.023046374030685,72.62770960288069,76.31319202865267,77.38762342728107,81.50367858461718,15.660389908659702,2.017188634726817,20.35278245362716,57.02526996636756,50.0
0.4925,1.0,1.8115964788802263,2.851715971662957,4.377913933081053,0.49841594507288156,0.6409263620048378,0.8523652433457416,7.977723126862078,0.07947666712542727,0.025283710889268528,50.0,550.0,9.8,323.8,57823.1,76411.1,23.7,80.0,9.7,2000.0,28.0,85.7,80.0,375.0,4.0,1.0,4.0,1.0,40.483330803475674,42.94100962598849,72.60022122332329,77.29888612285184,77.37369889775469,80.73545497102971,15.49017293702578,2.0203700874035415,20.341175096010183,57.03503050819105,50.0
0.495,1.0,1.8282904339922488,2.8153777630310928,4.378958620892801,0.4931359443812857,0.640242562145523,0.8369746047519471,7.98124622705975,0.07942587649976064,0.025302414597174742,50.0,550.0,9.8,323.8,57823.1,76411.1,23.7,80.0,9.7,2000.0,28.0,85.7,80.0,375.0,4.0,1.0,4.0,1.0,42.324089530044034,42.90355654419432,72.62064728351288,78.30059161948256,77.38391433056215,79.8480472065628,15.337559882372387,2.0226968711414823,20.322358588559528,57.075952000915365,50.0
0.4975,1.0,1.8396262177887708,2.773866607216889,4.385272274821175,0.48809502860814347,0.6392224722828518,0.8192570509217694,7.987228645330585,0.07934504158831872,0.02531095628207808,50.0,550.0,9.8,323.8,57823.1,76411.1,23.7,80.0,9.7,2000.0,28.0,85.7,80.0,375.0,4.0,1.0,4.0,1.0,44.35471005662999,42.91379448474945,72.69233030458355,79.31989828539348,77.41808840247957,78.83057736487059,15.203979055192725,2.0241931677739795,20.29629821346971,57.14809965780001,50.0
0.5,1.0,1.8449491850583764,2.7264700262207042,4.397374369501395,0.483363106677434,0.6378549795254141,0.7992928261675054,7.995676109154887,0.07923320073302252,0.02530944537388913,50.0,550.0,9.8,323.8,57823.1,76411.1,23.7,80.0,9.7,2000.0,28.0,85.7,80.0,375.0,4.0,1.0,4.0,1.0,46.618803192235575,42.97566829324752,72.8195937086969,80.36147419265559,77.47611785970668,77.6682650020729,15.091231607942115,2.0248765025662463,20.26278198984024,57.25181588169587,50.0
