Time,chloroplast,cytosol,RuBP,PGA,TP,Ru5P,Pi,ATP,ADP,E_RuBisCO,totRuBP,TPc,Pic,V6,P_0,RuBisCO,PGA_red,TP_red,RuBP_reg,TPT,ATP_S
0.0,1.0,1.0,2.0,2.4,0.5,0.0500747384155456,5.0,0.68,0.82,3.56,3.684962630792227,0.2,1.4,5.8801285588795,16.0,0.0,0.0,0.0,0.0,0.0,0.0
0.175,1.0,1.0,1.8446143786348936,2.5842731056597783,0.4308316656583359,0.21758631659653446,4.7125080197223514,0.9956468735087591,0.5043531264912411,3.56,3.52957700942712,0.2,1.4,5.8801285588795,16.0,1.6411313807638137,1.8660347575710836,0.5888888888888889,0.2523445758437641,-0.20042514424536895,4.8704095134153444
0.35,1.0,1.0,1.7822322890832376,2.7084989745946606,0.4281236436113105,0.2879098609180867,4.515607337953402,1.1254703431716133,0.3745296568283865,3.56,3.467194919875463,0.2,1.4,5.8801285588795,16.0,1.6064490348950224,2.3928115151408966,0.5496679826664645,1.0686566459795397,-0.24488306359995976,4.5882971140181885
0.525,1.0,1.0,1.7579032514023363,2.811127201681106,0.436419757230618,0.3236136468000601,4.372039739231435,1.1710678906676564,0.3289321093323437,3.56,3.442865882194562,0.2,1.4,5.8801285588795,16.0,1.5902791099886613,2.550745627357191,0.547999161392125,1.3701412743511294,-0.22660904023061124,4.362178671018776
0.7,1.0,1.0,1.7520841339631563,2.904954172493672,0.44354762451586827,0.34406132580491766,4.254379717053475,1.1789636306213032,0.3210363693786967,3.56,3.4370467647553813,0.2,1.4,5.8801285588795,16.0,1.5836224272872188,2.6131166777464454,0.5530774932865502,1.5088556167198501,-0.2004027419979379,4.244388776051803
0.875,1.0,1.0,1.7561788324072318,2.995112374910118,0.4477565104765773,0.3563873214325743,4.146772245222396,1.171688621559419,0.32831137844058106,3.56,3.4411414631994584,0.2,1.4,5.8801285588795,16.0,1.5820013533774657,2.6413104572840824,0.55736092227947,1.5826170015781873,-0.17775410026861638,4.212109779911988
1.05,1.0,1.0,1.765787061851537,3.0837526017741275,0.44962880881804473,0.3637751520587315,4.0424230552704055,1.1589209967911636,0.3410790032088361,3.56,3.4507496926437637,0.2,1.4,5.8801285588795,16.0,1.583143202733743,2.656698167158168,0.5598563918292495,1.6253471776877153,-0.15912256202470812,4.219296735673529
1.225,1.0,1.0,1.7783998716164529,3.171786833949126,0.4499838400205938,0.36794151390605884,3.9390566723832294,1.1445061349236307,0.3554938650763688,3.56,3.463362502408681,0.2,1.4,5.8801285588795,16.0,1.5858009163670514,2.6673501392515386,0.5609585414248786,1.6511025581441299,-0.14310664733797815,4.238697296875429
1.4,1.0,1.0,1.7924963874801447,3.2595909935240854,0.4494252857382599,0.36994321520564233,3.8362352972811133,1.1298871717061558,0.3701128282938437,3.56,3.4774590182723717,0.2,1.4,5.8801285588795,16.0,1.5892435007069403,2.6763002769754585,0.5611669869044486,1.6666804468286376,-0.12849926935870332,4.259301956735548
1.575,1.0,1.0,1.807124466983642,3.3473021550599102,0.44832511973829436,0.37047852080022664,3.7341800141695862,1.1155399946802462,0.38446000531975366,3.56,3.492087097775868,0.2,1.4,5.8801285588795,16.0,1.5930287179126517,2.684648505177318,0.5608389706323736,1.6758095602684575,-0.1145449000694155,4.27751918025406
1.75,1.0,1.0,1.821680459134757,3.434951112418603,0.4468917707515702,0.37002109937378896,3.6332944152954174,1.101555422306654,0.39844457769334646,3.56,3.5066430899269836,0.2,1.4,5.8801285588795,16.0,1.5968868579561577,2.6927449174842213,0.5601916244908525,1.6807211705615746,-0.10083439325458281,4.292552330978983
1.925,1.0,1.0,1.8357806344370418,3.5225240166783327,0.4452342371257254,0.3688936111603312,3.533982170296919,1.0878794342801563,0.41212056571984423,3.56,3.5207432652292674,0.2,1.4,5.8801285588795,16.0,1.6006552163743704,2.7006519475358566,0.5593457078656897,1.6828160350655978,-0.08717546915469278,4.304546021156028
2.1,1.0,1.0,1.8491814458188593,3.6099914505697677,0.4434062400459457,0.3673148909757158,3.4365857111130533,1.0744135540733457,0.4255864459266549,3.56,3.534144076611086,0.2,1.4,5.8801285588795,16.0,1.604238150985328,2.7083298501451267,0.558363907451454,1.6829928250197685,-0.07349840140529183,4.313899008384996
2.275,1.0,1.0,1.8617286840464542,3.6973218553344727,0.4414330628443978,0.365432518667811,3.3413737212202173,1.061056212255741,0.43894378774426007,3.56,3.5466913148386805,0.2,1.4,5.8801285588795,16.0,1.6075818515165383,2.715711570268708,0.5572766623390147,1.6818321865601968,-0.059797070567269746,4.321023766751248
2.45,1.0,1.0,1.87332481876305,3.7844872568520604,0.43932666502141937,0.3633457357796039,3.2485470581497156,1.0477183850866472,0.452281614913354,3.56,3.5582874495552765,0.2,1.4,5.8801285588795,16.0,1.6106582495537665,2.722731897799497,0.5560977661530181,1.679709547969131,-0.046095035660434866,4.32627281391156
2.625,1.0,1.0,1.8839080632740368,3.8714652391647113,0.4370936905371692,0.3611214749113697,3.158249884284331,1.0343283229698916,0.4656716770301095,3.56,3.5688706940662636,0.2,1.4,5.8801285588795,16.0,1.6134547986047933,2.7293372799724005,0.5548331589236717,1.6768676327276482,-0.0324272708844545,4.32992610510606
2.8,1.0,1.0,1.8934392752517033,3.958239060481666,0.43473929228787944,0.3588053240325388,3.070582306620478,1.0208302044895778,0.4791697955104236,3.56,3.57840190604393,0.2,1.4,5.8801285588795,16.0,1.6159680390261408,2.735487808599503,0.5534856100421495,1.673464097655979,-0.018830936789299795,4.332198567582302
2.975,1.0,1.0,1.9018936276630127,4.044797159048545,0.43226886111484486,0.3564289836822002,2.985609731715739,1.0071827475281923,0.4928172524718088,3.56,3.5868562584552395,0.2,1.4,5.8801285588795,16.0,1.618199641576656,2.7411551295092296,0.5520569764508299,1.6696021670244352,-0.005341574401615313,4.333254992202888
3.15,1.0,1.0,1.909255566771746,4.131132314631655,0.42968861604581154,0.3540151660544699,2.9033708346070686,0.9933566735330492,0.5066433264669519,3.56,3.594218197563973,0.2,1.4,5.8801285588795,16.0,1.6201539509127183,2.7463206455396256,0.5505492445890124,1.6653511990725478,0.008008506061061158,4.333221734123466
3.325,1.0,1.0,1.9155157866121217,4.217240794496265,0.4270056554016823,0.3515807795183132,2.8238835289777566,0.9793324067972877,0.5206675932027134,3.56,3.6004784174043483,0.2,1.4,5.8801285588795,16.0,1.621836523108075,2.750973151340478,0.5489649058694706,1.660759603631484,0.02119044300496635,4.332197528032735
3.5,1.0,1.0,1.920669459740097,4.303121575355163,0.42422778690619983,0.34913896174662024,2.7471493019458935,0.9650981929814773,0.5349018070185239,3.56,3.605632090532323,0.2,1.4,5.8801285588795,16.0,1.6232532624597016,2.755106844926507,0.5473070126780931,1.6558630133423455,0.03417852182347177,4.330261761552762
3.675,1.0,1.0,1.9247152362832731,4.38877566557684,0.4213632929026891,0.3467003554058454,2.6731563042460134,0.950648647717615,0.5493513522823861,3.56,3.609677867075498,0.2,1.4,5.8801285588795,16.0,1.6244099244009984,2.7587197891554136,0.5455790999336295,1.6506893626744326,0.04694973512911531,4.327480528145829
3.85,1.0,1.0,1.9276547024739108,4.474205522068178,0.4184207009644389,0.34427389478490605,2.601881538925232,0.9359836767249715,0.5640163232750296,3.56,3.6126173332661367,0.2,1.4,5.8801285588795,16.0,1.6253118396036885,2.7618127863680426,0.5437850636085909,1.6452619837304996,0.05948337774185605,4.323910915814127
4.025,1.0,1.0,1.9294921061738515,4.559414545260277,0.41540858676036324,0.34186728206253303,2.5332924242782378,0.921107687706433,0.5788923122935681,3.56,3.6144547369660778,0.2,1.4,5.8801285588795,16.0,1.6259637705298386,2.7643885933789774,0.5419290378403769,1.6396014508037136,0.07176074055554074,4.319603962511806
4.2,1.0,1.0,1.9302342311800356,4.644406633860588,0.4123354154727891,0.33948726993388,2.4673479411292565,0.9060290156589615,0.5939709843410396,3.56,3.6151968619722625,0.2,1.4,5.8801285588795,16.0,1.626369846910949,2.766451399666964,0.5400152869562466,1.6337266482783968,0.08376491360850262,4.314606634873658
4.375,1.0,1.0,1.9298903487897017,4.729185783319054,0.4092094193656854,0.3371398256109291,2.4039995186892753,0.8907594938512005,0.6092405061488004,3.56,3.6148529795819275,0.2,1.4,5.8801285588795,16.0,1.6265335483540266,2.7680065002699457,0.5380481166720685,1.6276553644282394,0.09548068457286829,4.308963106411443
4.55,1.0,1.0,1.9284722040273696,4.813755715642278,0.4060385062413366,0.33483022376180893,2.3431917687047084,0.8753141160106767,0.6246858839893242,3.56,3.6134348348195955,0.2,1.4,5.8801285588795,16.0,1.6264577154828002,2.7690601074591075,0.5360318035690185,1.6214046010027843,0.10689451015539606,4.302715541129395
4.725,1.0,1.0,1.9259940116158523,4.89811953201402,0.40283019329978015,0.3325630982219087,2.2848631434393423,0.8597107482087928,0.6402892517912081,3.56,3.6109566424080786,0.2,1.4,5.8801285588795,16.0,1.6261445789485511,2.769619257651935,0.5339705402200104,1.6149907161394,0.11799453671296471,4.295904532992027
4.9,1.0,1.0,1.922472447473103,4.9822793830987795,0.39959156168296783,0.33034247102703485,2.228946567367698,0.8439698602928609,0.65603013970714,3.56,3.60743507826533,0.2,1.4,5.8801285588795,16.0,1.625595800342474,2.7696917806575096,0.5318683931688197,1.6084294725255106,0.12877064856689427,4.288569310163544
5.075,1.0,1.0,1.9179266279216185,5.0662361547609525,0.396329227980951,0.32817177022796956,2.1753700733250447,0.8281142562773922,0.6718857437226087,3.56,3.6028892587138452,0.2,1.4,5.8801285588795,16.0,1.6248125217917366,2.7692863068269267,0.5297292713950464,1.6017360344430076,0.13921452591448324,4.280747782999069
5.25,1.0,1.0,1.912378072627363,5.149989169202786,0.3930493298457827,0.32605384351733596,2.1240574597310635,0.8121687908638522,0.6878312091361487,3.56,3.59734070341959,0.2,1.4,5.8801285588795,16.0,1.6237954225999867,2.7684122942379243,0.5275569034744226,1.5949249400694125,0.149319697935336,4.272476493502776
5.425,1.0,1.0,1.9058506495647778,5.233535903277583,0.38975752350416754,0.32399097193680154,2.0749289750832185,0.7961600654842201,0.7038399345157809,3.56,3.590813280357005,0.2,1.4,5.8801285588795,16.0,1.6225447821745766,2.767080062956485,0.5253548221490187,1.588010064963357,0.15908158019658125,4.263790508981302
5.6,1.0,1.0,1.898370501663796,5.316871727035571,0.38645899137662737,0.3219848861923633,2.027902028315975,0.7801161021674181,0.7198838978325829,3.56,3.5833331324560227,0.2,1.4,5.8801285588795,16.0,1.621060548938731,2.765300827105024,0.5231263553923426,1.5810045863724718,0.16849748865650255,4.254723291853629
5.775,1.0,1.0,1.8899659556029174,5.3999896664698,0.3831584582428466,0.3200367869855742,1.9828919182054208,0.7640659973060724,0.7359340026939285,3.56,3.574928586395143,0.2,1.4,5.8801285588795,16.0,1.619342415117946,2.7630867182385166,0.5208746232809607,1.5739209541691617,0.1775666254056383,4.2453065695817465
5.95,1.0,1.0,1.8806674136854218,5.482880194993654,0.3798602144962953,0.3181473700230463,1.9398125713261136,0.7480395602055967,0.7519604397944042,3.56,3.565630044477647,0.2,1.4,5.8801285588795,16.0,1.6173898973056509,2.7604507956473316,0.5186025400896284,1.566770871810966,0.18629003377398487,4.235570222439033
6.125,1.0,1.0,1.8705072300005614,5.56553105843107,0.37656814506062697,0.3163168558492142,1.8985772758289834,0.7320669432445335,0.7679330567554674,3.56,3.555469860792786,0.2,1.4,5.8801285588795,16.0,1.615202422604477,2.7574070408608122,0.5163128210433741,1.5595652891238416,0.194670522581386,4.225542201682681
6.3,1.0,1.0,1.8595195722052886,5.647927138255682,0.3732857625413831,0.3145450242742105,1.859099397274717,0.7161782716589806,0.7838217283410204,3.56,3.5444822029975134,0.2,1.4,5.8801285588795,16.0,1.6127794199369052,2.7539703349528057,0.5140079931209409,1.5523144075708477,0.2027125611179489,4.215248486265501
6.475,1.0,1.0,1.8477402703151544,5.7300503574910655,0.37001624319367843,0.312831252893607,1.82129306273687,0.7004032814700201,0.7995967185299809,3.56,3.5327029011073794,0.2,1.4,5.8801285588795,16.0,1.6101204158426385,2.7501564183383187,0.5116904092394832,1.5450276978099293,0.21042214790928435,4.2047130823279595
6.65,1.0,1.0,1.8352066539021739,5.811879633095316,0.3667624643227556,0.31117455899532825,1.7850738002110675,0.684770973986739,0.815229026013262,3.56,3.520169284694397,0.2,1.4,5.8801285588795,16.0,1.6072251337492196,2.745981833653381,0.5093622650849025,1.537713928673293,0.2178066574436293,4.1939580662970215
6.825,1.0,1.0,1.821957379091911,5.893390877817567,0.36352704181183176,0.30957364400878634,1.7503591218639636,0.6693092947295802,0.8306907052704208,3.56,3.506920009884136,0.2,1.4,5.8801285588795,16.0,1.6040935953363986,2.7414638530580167,0.5070256178039456,1.5303812061801512,0.2248746698156308,4.183003669498472
7.0,1.0,1.0,1.8080322467551315,5.974557053457893,0.3603123665937357,0.3080269395654365,1.717069041660955,0.6540448436272691,0.8459551563727318,3.56,3.492994877547355,0.2,1.4,5.8801285588795,16.0,1.6007262222388265,2.736620391908151,0.5046824057549318,1.5230370208127315,0.23163578868488444,4.1718683998072805
7.175,1.0,1.0,1.7934720133191113,6.05534827622058,0.35712063904535607,0.3065326542038108,1.685126520258788,0.639002622048797,0.860997377951204,3.56,3.478434644111333,0.2,1.4,5.8801285588795,16.0,1.597123935974298,2.731469911209995,0.5023344685296174,1.5156883010393654,0.23810045307790328,4.160569194057589
7.35,1.0,1.0,1.7783181956909933,6.135731973472473,0.35395390047774444,0.3050888197611347,1.654457832576766,0.6242058207454513,0.8757941792545497,3.56,3.4632808264832144,0.2,1.4,5.8801285588795,16.0,1.5932882536787623,2.726031311598355,0.4999835665098018,1.5083414709543057,0.24427974841292088,4.149121593730733
7.525,1.0,1.0,1.7626128718933378,6.215673089761233,0.3508140611074847,0.30369333654251535,1.6249928560178892,0.6096756511997606,0.8903243488002404,3.56,3.4475755026855586,0.2,1.4,5.8801285588795,16.0,1.5892213770087913,2.7203238217667924,0.4976313993052738,1.501002509912786,0.2501852217406607,4.137539935826211
7.7,1.0,1.0,1.7463984791546645,6.295134338482821,0.3477029241130991,0.30234401644115094,1.5966652797648124,0.5954312213043481,0.9045687786956529,3.56,3.4313611099468835,0.2,1.4,5.8801285588795,16.0,1.5849262714698777,2.7143668843233084,0.4952796225278722,1.4936770121562812,0.25582870562048804,4.125837550753738
7.875,1.0,1.0,1.7297176113614996,6.374076494188887,0.3446222055906344,0.3010386232918378,1.5694127378128209,0.5814894548083829,0.9185105451916181,3.56,3.414680242153719,0.2,1.4,5.8801285588795,16.0,1.580406733471195,2.7081800419560977,0.4929298624812321,1.486370244626477,0.2612221543432919,4.114026959492723
8.05,1.0,1.0,1.7126128179431508,6.4524587192704494,0.34157355041366033,0.2997749098675871,1.5431768703360815,0.5678650526414829,0.9321349473585181,3.56,3.3975754487353695,0.2,1.4,5.8801285588795,16.0,1.575667442611723,2.7017828265821016,0.49058372847787535,1.4790872014328502,0.26637749542293254,4.10212006305549
8.225,1.0,1.0,1.6951264064020488,6.5302389177175755,0.3385585441659292,0.298550651067578,1.5179033195545644,0.5545704931058172,0.9454295068941838,3.56,3.380089037194268,0.2,1.4,5.8801285588795,16.0,1.5707139970728634,2.6951946538348737,0.48824282262563606,1.471832653743169,0.271306498456826,4.090128318357471
8.4,1.0,1.0,1.677300250796514,6.607374107897464,0.33557872144423273,0.2973636729865144,1.4935416674450699,0.5416160670492518,0.9583839329507492,3.56,3.362262881588734,0.2,1.4,5.8801285588795,16.0,1.5655529305173586,2.688434724851652,0.48590874704613596,1.4646111941845072,0.27602066264738695,4.078062895833927
8.575,1.0,1.0,1.6591756085073404,6.683820805860761,0.33263557092229107,0.2962118776939906,1.470045323414098,0.5290099435097405,0.9709900564902605,3.56,3.34413823929956,0.2,1.4,5.8801285588795,16.0,1.5601917095464375,2.6815219368702397,0.4835831085930275,1.4574272751537922,0.2805311235163833,4.065934815447888
8.75,1.0,1.0,1.640792947558569,6.7595354106016865,0.3297305376245074,0.2950932636820178,1.4473713704389788,0.5167582609512316,0.9832417390487695,3.56,3.3257555783507886,0.2,1.4,5.8801285588795,16.0,1.5546387115055345,2.674474803673574,0.48126752122308203,1.4502852407249411,0.28484857866267477,4.053755059019426
8.925,1.0,1.0,1.6221917866081752,6.834474582961391,0.326865022884336,0.2940059420550124,1.4254803782211078,0.5048652390773626,0.9951347609226385,3.56,3.307154417400395,0.2,1.4,5.8801285588795,16.0,1.5489031832023288,2.667311386452746,0.4789636062371082,1.4431893520926835,0.2889832318306245,4.041534658001554
9.1,1.0,1.0,1.6034105494769006,6.908595610451949,0.3240403824607502,0.29294814863620505,1.4043361916292443,0.4933333062836127,1.0066666937163882,3.56,3.2883731802691196,0.2,1.4,5.8801285588795,16.0,1.542995181853328,2.660049235223367,0.4766729906503288,1.436143806704826,0.29294475408401494,4.0292847568806085
9.275,1.0,1.0,1.5844864357532227,6.981856751145059,0.321257923263732,0.2919182522458018,1.3839057021982155,0.48216323805631034,1.0178367619436905,3.56,3.26944906654544,0.2,1.4,5.8801285588795,16.0,1.5369255002518458,2.6527053405472127,0.47439730397498264,1.4291527514029103,0.29674226052332253,4.0170166532567135
9.45,1.0,1.0,1.5654553086168148,7.054217550853043,0.3185188991019415,0.2909147594687058,1.364158609749262,0.47135430200898204,1.0286456979910186,3.56,3.250417939409034,0.2,1.4,5.8801285588795,16.0,1.5307055787046124,2.645296094996152,0.47213817370438504,1.4222202900174497,0.3003843007408496,4.004741816347601
9.625,1.0,1.0,1.5463516005851272,7.125639129057441,0.3158245058184996,0.289936316273585,1.3450671803726257,0.4609044057231603,1.0390955942768405,3.56,3.231314231377344,0.2,1.4,5.8801285588795,16.0,1.5243474066812157,2.637837263557368,0.4698972197809315,1.4153504859520878,0.30387886107121626,3.9924718861565043
9.8,1.0,1.0,1.52720823743373,7.1960844303365255,0.3131758761291189,0.28898170687175345,1.326606006116673,0.450810244094035,1.049189755905966,3.56,3.2121708682259476,0.2,1.4,5.8801285588795,16.0,1.517863417341939,2.6303439620200306,0.46767604831412823,1.4085473603463536,0.3072333766525386,3.9802186558641233
9.975,1.0,1.0,1.5080565800969288,7.265518439334128,0.31057407442460444,0.28804985021551244,1.3087517708102332,0.44106744343723014,1.058932556562771,3.56,3.1930192108891458,0.2,1.4,5.8801285588795,16.0,1.511266378152601,2.6228306423002308,0.46547624479205496,1.4018148864349305,0.3104547513519301,3.967994040165326
10.15,1.0,1.0,1.4889263839443907,7.333908358533486,0.30802009174991923,0.2871397945334628,1.2914830255470047,0.43167070016291326,1.0683292998370875,3.56,3.1738890147366075,0.2,1.4,5.8801285588795,16.0,1.5045692806728665,2.6153110836448548,0.4632993670035895,1.3951569807279574,0.3135493837117932,3.9558100322985026
10.325,1.0,1.0,1.4698457744713422,7.401223749199582,0.3055148411264393,0.28625071028721116,1.274779976514844,0.4226139123448082,1.0773860876551928,3.56,3.154808405263558,0.2,1.4,5.8801285588795,16.0,1.4977852323424956,2.6077983886946963,0.4611469378615294,1.388577491626889,0.31652319722439387,3.943678652436197
10.5,1.0,1.0,1.4508412381479074,7.467436636794084,0.30305915334370476,0.2853818819122722,1.2586242870815476,0.41389030298814433,1.086109697011857,3.56,3.1358038689401226,0.2,1.4,5.8801285588795,16.0,1.490927352721393,2.6003049834690923,0.459020438290096,1.3820801860679217,0.3193816734257456,3.931611889946285
10.675,1.0,1.0,1.4319376269549473,7.532521582926844,0.3006537733122445,0.28453269867807524,1.242998895366872,0.40549253422163756,1.094507465778363,3.56,3.1169002577471625,0.2,1.4,5.8801285588795,16.0,1.4840086762013545,2.59284262044532,0.4569213003152255,1.3756687347533607,0.3221298865015804,3.919621641818427
10.85,1.0,1.0,1.4131581749911843,7.596455726479426,0.29829935703973237,0.28370264496993475,1.2278878479451911,0.39741281199891465,1.1025871880010862,3.56,3.0981208057834007,0.2,1.4,5.8801285588795,16.0,1.4770420627369147,2.585422384033004,0.4548509004731421,1.369346696493101,0.32477253830593106,3.907719649301937
11.025,1.0,1.0,1.3945245254663265,7.6592187969243275,0.2959964692683883,0.282891290261441,1.2132761498354692,0.3896429811932893,1.1103570188067118,3.56,3.0794871562585424,0.2,1.4,5.8801285588795,16.0,1.470040117672403,2.578054697875815,0.4528105536321224,1.3631175021356168,0.3273139928965767,3.895917434536477
11.2,1.0,1.0,1.376056766390239,7.720793103082805,0.2937455817915383,0.2820982790104963,1.1991496305415406,0.3821746112087078,1.117825388791293,3.56,3.0610193971824557,0.2,1.4,5.8801285588795,16.0,1.4630151212996936,2.570749333540746,0.4508015073040575,1.356984438522063,0.3297583098837966,3.8842262386900352
11.375,1.0,1.0,1.3577734733192917,7.781163500636013,0.29154707245097966,0.2813233206773922,1.1854948255990743,0.374999072413527,1.125000927586474,3.56,3.0427361041115075,0.2,1.4,5.8801285588795,16.0,1.4559789683856148,2.563515420272568,0.44882493650618077,1.3509506328493082,0.33210927606414664,3.8726569628596623
11.55,1.0,1.0,1.3396917429639235,7.8403173702066615,0.28940121557021325,0.28056618610985773,1.1722988375835457,0.36810764301744286,1.1318923569825587,3.56,3.0246543737561398,0.2,1.4,5.8801285588795,16.0,1.4489431175725427,2.5563614555932257,0.44688193921888775,1.3450190377790543,0.33437043496621577,3.8612201127466457
11.725,1.0,1.0,1.3218272624723262,7.898244520913412,0.2873081983951704,0.27982668716544984,1.159549287231777,0.3614915197651059,1.1385084802348957,3.56,3.0067898932645427,0.2,1.4,5.8801285588795,16.0,1.4419185445674425,2.5492953970629944,0.44497352423537034,1.339192477018199,0.3365451118785984,3.849925704461461
11.9,1.0,1.0,1.30419438706981,7.954937066051038,0.2852681328224688,0.27910466152654834,1.1472342956232848,0.35514180825260544,1.1448581917473963,3.56,2.989157017862028,0.2,1.4,5.8801285588795,16.0,1.4349157163986912,2.542324580165962,0.4431006221226251,1.3334735501370665,0.3386364538044804,3.8387832685246734
12.075,1.0,1.0,1.2868061649047557,8.010389396001647,0.2832810250744634,0.2783999859671681,1.135342340694426,0.34904966086834877,1.1509503391316531,3.56,2.9717687956969723,0.2,1.4,5.8801285588795,16.0,1.4279445764572343,2.5354555972627013,0.441264092562371,1.32786453451377,0.3406474446269176,3.827801883639315
12.25,1.0,1.0,1.2696744001383073,8.064598079330427,0.28134678957130843,0.2777125605589059,1.1238622055952947,0.3432063030830146,1.156793696916987,3.56,2.9546370309305248,0.2,1.4,5.8801285588795,16.0,1.4210145155656724,2.5286944990501032,0.4394646939686452,1.3223675383250286,0.34258089317392076,3.816990046124469
12.425,1.0,1.0,1.252809712132523,8.117561761985648,0.2794652538767025,0.2770423000995189,1.1127829369478237,0.3376030612408235,1.162396938759178,3.56,2.9377723429247418,0.2,1.4,5.8801285588795,16.0,1.4141343641067776,2.5220467851856156,0.4377030926251616,1.3169844547948946,0.34443947603815345,3.8063556469086435
12.6,1.0,1.0,1.2362215929572928,8.169281064524577,0.27763616195372437,0.2763891277878965,1.1020938102874094,0.3322313879473721,1.1677686120526294,3.56,2.9211842237495107,0.2,1.4,5.8801285588795,16.0,1.4073123884242393,2.5155174095787665,0.4359798641934086,1.3117169458366338,0.3462257565146699,3.795905953448944
12.775,1.0,1.0,1.2199184635129101,8.219758478151048,0.27585917742808475,0.27575296991437204,1.0917843018723823,0.3270828840238539,1.1729171159761478,3.56,2.9048810943051295,0.2,1.4,5.8801285588795,16.0,1.4005562917574392,2.5091107915984683,0.43429549394538536,1.3065664349969297,0.34794219715253755,3.7856475958310787
12.95,1.0,1.0,1.2039077281292474,8.268998260489331,0.2741338871789659,0.27513375127475165,1.0818440662973903,0.3221493169166246,1.1778506830833768,3.56,2.8888703589214684,0.2,1.4,5.8801285588795,16.0,1.3938732192462377,2.502830830193987,0.43265037723762206,1.3015341042827482,0.34959117001110207,3.7755865573304175
13.125,1.0,1.0,1.1881958274538427,8.317006331941387,0.27245980525893354,0.27453139123654874,1.0722629193058781,0.31742263576512186,1.1825773642348794,3.56,2.873158458246066,0.2,1.4,5.8801285588795,16.0,1.3872697663915,2.496680919764084,0.4310448205262251,1.2966208933477805,0.35117496547897403,3.765728169651696
13.3,1.0,1.0,1.17278828948685,8.36379017333737,0.27083637708331515,0.2739458004277727,1.0630308251561258,0.3128949834372753,1.187105016562726,3.56,2.857750920279071,0.2,1.4,5.8801285588795,16.0,1.380751990366564,2.4906639672571167,0.4294790429344145,1.2918275005532902,0.3526957998299984,3.7560771128519135
13.475,1.0,1.0,1.157689778681886,8.409358725444086,0.26926298382560016,0.2733768780197383,1.0541378878947556,0.30855870586760126,1.1914412941324002,3.56,2.84265240947411,0.2,1.4,5.8801285588795,16.0,1.3743254236294649,2.4847824102373695,0.4279531783242266,1.2871543856932186,0.3541558215961369,3.7466374197804235
13.65,1.0,1.0,1.14290414308737,8.453722290762533,0.26773894696151174,0.2728245095694497,1.045574345921652,0.3044063590256676,1.1955936409743337,3.56,2.8278667738795926,0.2,1.4,5.8801285588795,16.0,1.3679950893516934,2.479038235756918,0.42646727781602817,1.2826017742422107,0.3555571168529303,3.737412484758948
13.825,1.0,1.0,1.1284344595478117,8.496892437929406,0.26626353291066235,0.27228856538174273,1.037330569277278,0.300430713820844,1.1995692861791576,3.56,2.8133970903400334,0.2,1.4,5.8801285588795,16.0,1.3617655182454824,2.4734329999144187,0.4250213127010558,1.278169662997536,0.3569017135336531,3.7284050761572303
14.0,1.0,1.0,1.1142830770182026,8.538881908941507,0.2648359577298819,0.2717688993477755,1.0293970591380008,0.2966247592219858,1.2033752407780158,3.56,2.7992457078104245,0.2,1.4,5.8801285588795,16.0,1.355640766434096,2.467967847996561,0.4236151776944798,1.2738578269835554,0.3581915848971645,3.7196173524822274
14.175,1.0,1.0,1.100451658068245,8.57970452934412,0.2634553918166846,0.2712653482145351,1.0217644490615103,0.2929817038422152,1.2070182961577869,3.56,2.7854142888604674,0.2,1.4,5.8801285588795,16.0,1.3496244340662131,2.462643535100168,0.4222486944783029,1.2696658274822856,0.35942865227360976,3.711050881580069
14.35,1.0,1.0,1.0869412186679352,8.619375121463994,0.2621209645853046,0.2707777312394112,1.0144235075796826,0.28949497621129194,1.2105050237887103,3.56,2.7719038494601573,0.2,1.4,5.8801285588795,16.0,1.3437196844258765,2.4574604471303294,0.4209216154849596,1.2655930210496598,0.3606147872053874,3.7027066625440277
14.525,1.0,1.0,1.0737521663536758,8.657909420721694,0.2608317690814946,0.2703058501843049,1.0073651417884977,0.2861582239322118,1.2138417760677904,3.56,2.758714797145898,0.2,1.4,5.8801285588795,16.0,1.3379292633331612,2.452418622066398,0.41963362787408953,1.2616385693751393,0.3617518130909333,3.694585149924893
14.7,1.0,1.0,1.060884336875912,8.69532399502466,0.259586866505961,0.26984948960492977,1.000580401633174,0.28296531189501223,1.2170346881049903,3.56,2.7458469676681316,0.2,1.4,5.8801285588795,16.0,1.3322555186682083,2.447517771384883,0.41838435765682475,1.2578014498427637,0.36284150642771695,3.686686279849788
14.875,1.0,1.0,1.0483370294267367,8.731636167218966,0.25838529061990956,0.2694084173927352,0.994060484631072,0.27991031969940455,1.2200896803005983,3.56,2.7332996602189565,0.2,1.4,5.8801285588795,16.0,1.3267004198827765,2.442757301527173,0.41717337392410303,1.254080466654317,0.3638855977393811,3.6790094976701635
15.05,1.0,1.0,1.036109040540141,8.766863940562525,0.2572260520097139,0.2689823855291101,0.9877967408151762,0.2769875384187536,1.223012461581249,3.56,2.7210716713323615,0.2,1.4,5.8801285588795,16.0,1.3212655773897235,2.43813633530077,0.4160001931380053,1.2504742623797613,0.36488577226077135,3.6715537867782393
15.225,1.0,1.0,1.0241986967495404,8.80102592717321,0.25610814219115213,0.2685711310140585,0.9817806777171033,0.27419146682094964,1.2258085331790527,3.56,2.7091613275417634,0.2,1.4,5.8801285588795,16.0,1.3159522617423869,2.4336537331055186,0.4148642834478916,1.246981329806245,0.36584367044405364,3.664317698252631
15.4,1.0,1.0,1.0126038860778728,8.834141279401054,0.2550305375369667,0.2681743769342958,0.9760039652408244,0.2715168071466755,1.228483192853327,3.56,2.6975665168700917,0.2,1.4,5.8801285588795,16.0,1.3107614225333288,2.4293081138807806,0.4137650689960943,1.2436000239644271,0.3667608883393601,3.6572993810175305
15.575,1.0,1.0,1.001322088425511,8.866229624072085,0.2539922030146523,0.26779183363860465,0.9704584403068616,0.2689584605323382,1.2310415394676644,3.56,2.6862847192177286,0.2,1.4,5.8801285588795,16.0,1.3056937069560166,2.4250978756756196,0.41270193418108925,1.2403285742193308,0.3676389778945334,3.650496612225003
15.75,1.0,1.0,0.9903504049111305,8.897310999552598,0.25299209572435316,0.26742319999123937,0.9651361111718483,0.26651152215326745,1.2334884778467352,3.56,2.675313035703347,0.2,1.4,5.8801285588795,16.0,1.300749477984249,2.421021215751366,0.41167422784931806,1.2371650963221652,0.36847944721055925,3.643906827596104
15.925,1.0,1.0,0.9796855862108677,8.927405795584308,0.2520291682295215,0.2670681646771223,0.9600291613503238,0.26417127615255587,1.235828723847447,3.56,2.6646482170030845,0.2,1.4,5.8801285588795,16.0,1.2959288321329692,2.4170761501342946,0.4106812673901299,1.2341076043292678,0.3692837607822206,3.6375271514831207
16.1,1.0,1.0,0.969324059931973,8.956534695843919,0.25110237167554744,0.266726407535485,0.9551299530847125,0.2619331904119538,1.2380668095880494,3.56,2.6542866907241915,0.2,1.4,5.8801285588795,16.0,1.291231616771284,2.413260532545128,0.40972234271159585,1.2311540223043034,0.3700533397472941,3.6313544264418827
16.275,1.0,1.0,0.9592619570489164,8.984718623183126,0.25021065869390946,0.2663976009014324,0.9504310303258849,0.25979291121337916,1.240207088786624,3.56,2.6442245878411343,0.2,1.4,5.8801285588795,16.0,1.2866574469638894,2.4095720726416054,0.40879672007816836,1.2283021957299163,0.3707895621622102,3.6253852421292994
16.45,1.0,1.0,0.9494951374226622,9.011978687507629,0.24935298609149975,0.2660814109376094,0.9459251212007612,0.2577462578327407,1.2422537421672617,3.56,2.6344577682148804,0.2,1.4,5.8801285588795,16.0,1.2822057218216907,2.406008353519975,0.40790364579427707,1.2255499025649728,0.37149376331748163,3.6196159633668747
16.625,1.0,1.0,0.9400192144176973,9.038336136255696,0.24852831732665864,0.2657774989407236,0.9416051399553197,0.2557892171017741,1.2442107828982283,3.56,2.6249818452099136,0.2,1.4,5.8801285588795,16.0,1.277875640345809,2.402566848430979,0.4070423497209351,1.222894863893206,0.37216723610225416,3.6140427572354987
16.8,1.0,1.0,0.9308295786263974,9.063812307437866,0.24773562477511044,0.26548552261007397,0.9374641883713764,0.25391793796834744,1.246082062031655,3.56,2.615792209418613,0.2,1.4,5.8801285588795,16.0,1.2736662167521988,2.399244936675322,0.4062120486152426,1.220334754118412,0.3728112314240366,3.6086616190901672
16.975,1.0,1.0,0.9219214066942586,9.088428614578639,0.2469738777712792,0.26520514487533786,0.9334955221429473,0.25212876565884884,1.247871234341154,3.56,2.6068840374864735,0.2,1.4,5.8801285588795,16.0,1.2695762952664964,2.396039918652777,0.40541194928531216,1.2178672106701387,0.37342695868693326,3.6034683974052917
17.15,1.0,1.0,0.9132897148471585,9.112206440595338,0.24624208312310905,0.2649360132254683,0.9296926289361845,0.25041814284115266,1.24958185715885,3.56,2.5982523456393745,0.2,1.4,5.8801285588795,16.0,1.2656045581280873,2.392949156225624,0.4046412373547264,1.2154899288610437,0.3740155716110357,3.598458764090709
17.325,1.0,1.0,0.9049293636012906,9.135167127164742,0.24553925750976682,0.26467777840039636,0.9260491940963141,0.248782654041771,1.251217345958232,3.56,2.589891994393505,0.2,1.4,5.8801285588795,16.0,1.2617495533638252,2.389969790399564,0.4038991191181401,1.2132004570600154,0.37457822103341193,3.5936283568606933
17.5,1.0,1.0,0.8968350733380359,9.157331949809372,0.24486442703297212,0.2644300961010033,0.9225590818588402,0.24721903693731348,1.2527809630626898,3.56,2.58179770413025,0.2,1.4,5.8801285588795,16.0,1.2580097006943827,2.387098908626662,0.40318479462329987,1.2109963358321916,0.37511599980487187,3.58897274660334
17.675,1.0,1.0,0.889001446456927,9.178722079009018,0.2442166348841944,0.2641926239470681,0.919216338881156,0.24572416878028214,1.2542758312197206,3.56,2.5739640772491406,0.2,1.4,5.8801285588795,16.0,1.2543833020812634,2.384333609409313,0.40249745803032055,1.2088751339173704,0.37562995021763257,3.5844874295824214
17.85,1.0,1.0,0.8814229862999009,9.199358546524214,0.2435949430432827,0.2639650219833439,0.9160151954416196,0.2442950588233121,1.2557049411766905,3.56,2.5663856170921138,0.2,1.4,5.8801285588795,16.0,1.250868555053117,2.3816709866175825,0.40183630623537214,1.206834429793312,0.37612107885245133,3.5801678531119183
18.025,1.0,1.0,0.8740941147313054,9.219262214844074,0.24299843310438587,0.2637469535936895,0.912950064822871,0.24292884258794578,1.257071157412057,3.56,2.5590567455235176,0.2,1.4,5.8801285588795,16.0,1.2474635644373853,2.3791081315017277,0.40120054145377987,1.2048718129775642,0.37659035719375855,3.5760094364120287
18.2,1.0,1.0,0.8670091887604394,9.238453749118905,0.24242620697755485,0.2635380863371777,0.9100155416653505,0.24162277679571148,1.258377223204291,3.56,2.5519718195526497,0.2,1.4,5.8801285588795,16.0,1.244166353335671,2.3766421392575503,0.4005893728963927,1.2029848889697587,0.3770387212953455,3.5720075879700244
18.375,1.0,1.0,0.8601625162847056,9.256953591342098,0.24187738751638788,0.2633380926676718,0.9072063997171887,0.24037423460282656,1.259625765397176,3.56,2.545125147076913,0.2,1.4,5.8801285588795,16.0,1.2409748735175117,2.374270116467024,0.40000201829435367,1.2011712845034592,0.3774670719889998,3.5681577206213584
18.55,1.0,1.0,0.8535483709703242,9.274781936664946,0.24135111904998846,0.2631466505539361,0.9045175891812953,0.23918070102476974,1.2608192989752325,3.56,2.538511001762531,0.2,1.4,5.8801285588795,16.0,1.2378870152705501,2.37198918832309,0.3994377053216027,1.1994286524339868,0.3778762754864414,3.5644552649694257
18.725,1.0,1.0,0.847161006277844,9.291958711763913,0.2408465678082208,0.26296344401527805,0.9019442337586483,0.23803976851383357,1.261960231486169,3.56,2.532123637070052,0.2,1.4,5.8801285588795,16.0,1.2349006167184684,2.3697965053104073,0.3988956728912288,1.1977546761434636,0.3782671641754708,3.5608956814312482
18.9,1.0,1.0,0.8409946686404574,9.308503555189493,0.24036292224040184,0.2627881635822544,0.8994816274449132,0.23694913267760406,1.2630508673223988,3.56,2.525957299432667,0.2,1.4,5.8801285588795,16.0,1.232013472614072,2.367689249254658,0.3983751723128744,1.1961470734602584,0.37864053750575094,3.557474471054144
19.075,1.0,1.0,0.83504360980579,9.324435799627468,0.23989939323287582,0.2626205066889363,0.8971252311204435,0.23590658813427798,1.2640934118657245,3.56,2.5200062405980006,0.2,1.4,5.8801285588795,16.0,1.229223342615591,2.365664638733193,0.39787546831010295,1.1946036001140274,0.37899716291702584,3.5541871851933378
19.25,1.0,1.0,0.8293020983546234,9.339774456002297,0.2394552142328964,0.2624601780018547,0.8948706689661862,0.23491002450309775,1.2650899754969052,3.56,2.5142647291468343,0.2,1.4,5.8801285588795,16.0,1.226527959055668,2.3637199338676913,0.3973958399024525,1.1931220527521473,0.37933777678825037,3.5510294341205304
19.425,1.0,1.0,0.8237644304126016,9.35453819935068,0.23902964128677565,0.2623068896901489,0.8927137247341091,0.23395742252866147,1.2660425774713415,3.56,2.5087270612048123,0.2,1.4,5.8801285588795,16.0,1.223925034213909,2.3618524405296037,0.39693558115928557,1.1917002715440164,0.37966308539663357,3.547996894626504
19.6,1.0,1.0,0.8184249395732837,9.368745356391672,0.23862195300021463,0.26216036164117523,0.8906503378981998,0.2330468503377476,1.266953149662255,3.56,2.503387570365496,0.2,1.4,5.8801285588795,16.0,1.2214122671051522,2.360059513992689,0.39649400183344136,1.1903361423994634,0.3799737658799072,3.5450853166784686
19.775,1.0,1.0,0.813278006053003,9.382413894718388,0.2382314504284629,0.2620203216256781,0.8886765997100411,0.23217645982699966,1.2678235401730031,3.56,2.498240636845214,0.2,1.4,5.8801285588795,16.0,1.2189873497966701,2.3583385620681057,0.3960704278829302,1.1890275988271453,0.38027046719702134,3.542290529191887
19.95,1.0,1.0,0.808318065099803,9.395561413535223,0.23785745690359686,0.2618865054165251,0.8867887491811318,0.23134448317949483,1.268655516820508,3.56,2.4932806958920137,0.2,1.4,5.8801285588795,16.0,1.2166479732684785,2.3566870477575397,0.39566420188889656,1.1877726234582995,0.3805538110834299,3.5396084449756198
20.125,1.0,1.0,0.8035396146803375,9.408205135863875,0.23749931780580966,0.2617586568648918,0.8849831690123969,0.23054922950792756,1.269450770492075,3.56,2.4885022454725494,0.2,1.4,5.8801285588795,16.0,1.2143918328317618,2.3551024914593266,0.3952746833779172,1.186569249260677,0.38082439299775206,3.5370350649083115
20.3,1.0,1.0,0.7989372224699947,9.420361902141178,0.23715640028520357,0.26163652793766784,0.8832563814896596,0.22978908162187947,1.2702109183781227,3.56,2.4838998532622067,0.2,1.4,5.8801285588795,16.0,1.212216633120994,2.353582472761662,0.3949012490564645,1.1854155604667769,0.38108278305702226,3.534566481402637
20.475,1.0,1.0,0.7945055321726285,9.432048165131745,0.23682809294015977,0.261519878719725,0.8816050443622554,0.22906249291643666,1.270937507083566,3.56,2.4794681629648396,0.2,1.4,5.8801285588795,16.0,1.210120092676005,2.3521246318559053,0.39454329296510343,1.1843096932397232,0.38132952695815636,3.5321988812123983
20.65,1.0,1.0,0.7902392691972437,9.443279986078949,0.2365138054579558,0.2614084773845391,0.8800259467204166,0.22836798437923062,1.2716320156207717,3.56,2.4752018999894547,0.2,1.4,5.8801285588795,16.0,1.208099948130541,2.3507266706017433,0.39420022655966347,1.1832498360992871,0.3815651468835701,3.529928547635716
20.825,1.0,1.0,0.7861332457196629,9.454073032018442,0.23621296822290183,0.2613021001364932,0.8785160048855748,0.22770414171284448,1.2722958582871577,3.56,2.471095876511872,0.2,1.4,5.8801285588795,16.0,1.206153958024273,2.349386353274566,0.3938714787263058,1.1822342301295783,0.3817901423892128,3.5277518621654447
21.0,1.0,1.0,0.7821823651577382,9.464442574179484,0.23592503189687272,0.2612005311280218,0.8770722583263176,0.2270696125694104,1.2729303874305917,3.56,2.4671449959499467,0.2,1.4,5.8801285588795,16.0,1.204279906255357,2.3481015070239715,0.3935564957370556,1.181261168988945,0.38200499127355986,3.525665305635736
21.175,1.0,1.0,0.7783816260889883,9.474403487400766,0.23564946697674177,0.26110356235457466,0.8756918656113801,0.22646310389414304,1.2735368961058589,3.56,2.4633442568811974,0.2,1.4,5.8801285588795,16.0,1.2024756051907484,2.3468700220707803,0.3932547411520048,1.1803289987415473,0.3822101504263564,3.5236654589113554
21.35,1.0,1.0,0.7747261256396725,9.483970250488907,0.2353857633328586,0.2610109935301866,0.8743721004097953,0.2258833793744909,1.274116620625511,3.56,2.4596887564318806,0.2,1.4,5.8801285588795,16.0,1.2007388984515146,2.3456898516683657,0.39296569567403716,1.1794361175290042,0.3824060566561665,3.5217490031638836
21.525,1.0,1.0,0.7712110623742988,9.493156947449693,0.23513342973236573,0.2609226319462597,0.8731103475471174,0.2253292569915557,1.2746707430084465,3.56,2.4561736931665044,0.2,1.4,5.8801285588795,16.0,1.1990676633902855,2.344559011852532,0.3926888569615626,1.178580975099363,0.3825931274959922,3.5199127197764963
21.7,1.0,1.0,0.7678317387143733,9.501977269524124,0.23489199335083064,0.260838292315967,0.8719040991255187,0.22479960667040041,1.2752003933296026,3.56,2.45279436950658,0.2,1.4,5.8801285588795,16.0,1.1974598132778227,2.3434755810026036,0.3924237394043858,1.1777620722095732,0.38277176198643,3.51815348991651
21.875,1.0,1.0,0.7645835629148819,9.510444517963592,0.23466099927535167,0.26075779660649845,0.8707509507145208,0.22429334802586426,1.2757066519741385,3.56,2.4495461937070866,0.2,1.4,5.8801285588795,16.0,1.1959132992154584,2.3424376992347935,0.3921698738674993,1.1769779599164893,0.38294234143604305,3.5164682938123715
22.05,1.0,1.0,0.7614620506265437,9.518571607480645,0.23444001000201814,0.26068097386118916,0.8696485976181447,0.22380944820050933,1.2761905517994936,3.56,2.4464246814187467,0.2,1.4,5.8801285588795,16.0,1.1944261117898762,2.3414435676474086,0.39192680740723296,1.176227238770334,0.3831052301587789,3.5148542097693793
22.225,1.0,1.0,0.7584628260713222,9.526371070314521,0.23422860493033312,0.260607660013377,0.8685948312233839,0.22334691979133267,1.2766530802086706,3.56,2.443425456863526,0.2,1.4,5.8801285588795,16.0,1.1929962824863325,2.340491447435908,0.39169410296388574,1.1755085579234774,0.38326077618845056,3.513308412955961
22.4,1.0,1.0,0.7555816075976388,9.533855093958309,0.23402636404339025,0.26053770578461116,0.8675874970743951,0.22290486235961016,1.2770951376403927,3.56,2.440544238389842,0.2,1.4,5.8801285588795,16.0,1.1916218848760134,2.3395796588943694,0.39147133903464615,1.1748206141662922,0.38340931197044614,3.51182817399006
22.575,1.0,1.0,0.7528142403331162,9.541035458552154,0.23383290868579026,0.2604709542475691,0.8666245730406023,0.22248236322324697,1.2775176367767558,3.56,2.437776871125319,0.2,1.4,5.8801285588795,16.0,1.1903010285955018,2.338706739903933,0.3912580926508868,1.1741622537848044,0.38355113751100256,3.5104107935587847
22.75,1.0,1.0,0.7501566853206246,9.547923560926913,0.23364787619468577,0.26040725542858045,0.8657041436018006,0.22207853162236343,1.2779214683776392,3.56,2.4351193161128286,0.2,1.4,5.8801285588795,16.0,1.1890318748713402,2.3378710885243383,0.3910539825407056,1.1735322286962564,0.38368657985480714,3.50905373701749
22.925,1.0,1.0,0.747605007686644,9.554530447721376,0.23347090728314057,0.26034647227006574,0.8648243601403725,0.221692535627349,1.2783074643726537,3.56,2.432567638478848,0.2,1.4,5.8801285588795,16.0,1.1878126320700269,2.337071092808242,0.3908586425850693,1.1729293050211493,0.3838159393017902,3.5077545940139867
23.1,1.0,1.0,0.7451553812914923,9.56086681393613,0.23330165699352515,0.26028847348659945,0.8639834462419216,0.22132358517443265,1.2786764148255703,3.56,2.430118012083695,0.2,1.4,5.8801285588795,16.0,1.1866415507539694,2.3363052712102825,0.3906717086369903,1.1723523505599633,0.3839394814801404,3.5065110163757742
23.275,1.0,1.0,0.7428040888626698,9.566943007549577,0.23313979488480774,0.2602331329238822,0.8631796988050535,0.22097092652693476,1.2790290734730678,3.56,2.427766719654872,0.2,1.4,5.8801285588795,16.0,1.1855169262593164,2.3355722151482023,0.39049283020534564,1.1718002848978697,0.38405746425698783,3.5053207310225476
23.45,1.0,1.0,0.740547521200316,9.57276903584152,0.23298500423228996,0.2601803295823666,0.8624114866890507,0.22063383966973552,1.2793661603302673,3.56,2.425510151992518,0.2,1.4,5.8801285588795,16.0,1.1844370991714497,2.3348705734054205,0.3903216707818188,1.1712720697586265,0.3841701372283684,3.5041815446936524
23.625,1.0,1.0,0.7383821760995595,9.578354572322572,0.23283698136050812,0.26012994758212427,0.861677248415827,0.2203116365354431,1.2796883634645595,3.56,2.4233448068917625,0.2,1.4,5.8801285588795,16.0,1.183400455344369,2.3341990468995055,0.3901579071146488,1.170766706550381,0.3842777401741128,3.5030913443970455
23.8,1.0,1.0,0.7363046571056608,9.583708963956003,0.23269543510303178,0.2600818760522218,0.8609754895836543,0.22000365950936082,1.279996340490642,3.56,2.421267287897863,0.2,1.4,5.8801285588795,16.0,1.1824054257615744,2.3335563861733553,0.3900012286126812,1.1702832351118853,0.3843805025765234,3.50204809616158
23.975,1.0,1.0,0.7343116721274967,9.588841238562383,0.23256008632259434,0.2600360089816029,0.8603047802351975,0.21970928005882087,1.280290719941182,3.56,2.4192743029197006,0.2,1.4,5.8801285588795,16.0,1.1814504862935489,2.332941389640383,0.38985133687434714,1.169820732613535,0.3844786437208891,3.501049843163344
24.15,1.0,1.0,0.7324000319217809,9.593760112353792,0.23243066745956528,0.25999224505324364,0.8596637522648397,0.2194278974405896,1.280572102559413,3.56,2.417362662713985,0.2,1.4,5.8801285588795,16.0,1.1805341573653825,2.3323529020509586,0.3897079452721467,1.1693783124524453,0.3845723730170434,3.5000947036208405
24.325,1.0,1.0,0.7305666484596198,9.598473997561669,0.23230692209710982,0.25995048747190624,0.8590510968949367,0.21915893747072948,1.2808410625292728,3.56,2.4155292792518246,0.2,1.4,5.8801285588795,16.0,1.1796550035419504,2.3317898130313446,0.38957077855951916,1.1689551231304494,0.38466189038993126,3.499180868603148
24.5,1.0,1.0,0.7288085331875094,9.602991010128914,0.23218860453934137,0.25991064379048434,0.8584655622314289,0.21890185135040427,1.281098148649598,3.56,2.413771163979714,0.2,1.4,5.8801285588795,16.0,1.1788116330375666,2.3312510556536328,0.3894395724883714,1.1685503471245562,0.38474738668382163,3.498306599807779
24.675,1.0,1.0,0.7271227951951204,9.607318977440105,0.23207547940145387,0.25987262573757425,0.8579059509022775,0.21865611454394063,1.2813438854560617,3.56,2.412085425987325,0.2,1.4,5.8801285588795,16.0,1.1780026971571833,2.3307356050262795,0.38931407343389673,1.1681631997593762,0.384829044061008,3.497470227334397
24.85,1.0,1.0,0.7255066393020396,9.6114654460662,0.23196732121163324,0.2598363490478007,0.857371117779436,0.21842122570644115,1.2815787742935612,3.56,2.4104692700942447,0.2,1.4,5.8801285588795,16.0,1.1772268896761948,2.3302424769038894,0.38919403802610997,1.1677929280886374,0.38490703638846524,3.4966701474690463
25.025,1.0,1.0,0.7239573640752446,9.615437689502079,0.2318639140247557,0.259801733295837,0.8568599677838092,0.2181967056586199,1.2818032943413828,3.56,2.40891999486745,0.2,1.4,5.8801285588795,16.0,1.1764829461657789,2.3297707263175824,0.3890792327883504,1.1674388097909745,0.38498152961027926,3.495904820488789
25.2,1.0,1.0,0.7224723597885259,9.619242715877203,0.23176505104789574,0.25976870173472155,0.856371453771976,0.21798209640674043,1.2820179035932622,3.56,2.4074349905807324,0.2,1.4,5.8801285588795,16.0,1.1757696432703908,2.3293194462278546,0.3889694337831925,1.1671001520837483,0.38505268210523713,3.4951727684939864
25.375,1.0,1.0,0.7210491063344183,9.622887275621533,0.23167053427763465,0.2597371811388496,0.8559045745030739,0.21777696020566104,1.282223039794342,3.56,2.406011737126624,0.2,1.4,5.8801285588795,16.0,1.175085797943743,2.328887766201906,0.38886442626618883,1.1667762906576753,0.3851206450295799,3.494472573273948
25.55,1.0,1.0,0.7196851710985234,9.626377869070463,0.23158017414911902,0.25970710165187877,0.8554583726839875,0.2175808786630949,1.282419121336908,3.56,2.4046478018907287,0.2,1.4,5.8801285588795,16.0,1.1744302666491786,2.3284748511171984,0.3887640043478083,1.166466588634313,0.38518556264516657,3.4938028742105214
25.725,1.0,1.0,0.7183782068053957,9.629720753994228,0.2314937891967781,0.2596783966396823,0.8550319330908275,0.21739345188328085,1.2826065481167221,3.56,2.403340837597602,0.2,1.4,5.8801285588795,16.0,1.1738019445300074,2.3280798998927743,0.3886679706638613,1.1661704355479257,0.38524757263344234,3.4931623662232725
25.9,1.0,1.0,0.7171259493444789,9.63292195303872,0.2314112057265769,0.2596510025484114,0.8546243807645899,0.21721429764833244,1.2827857023516707,3.56,2.4020885801366845,0.2,1.4,5.8801285588795,16.0,1.1731997645549397,2.3277021442495927,0.38857613605463587,1.1658872463528243,0.3853068063956639,3.4925497977592492
26.075,1.0,1.0,0.7159262155838827,9.63598726106607,0.2313322574996455,0.2596248587676798,0.8542348792788063,0.2170430506356178,1.2829569493643849,3.56,2.400888846376091,0.2,1.4,5.8801285588795,16.0,1.172622696643418,2.3273408475009005,0.38848831925291044,1.1656164604569668,0.3853633893398709,3.4919639688296633
26.25,1.0,1.0,0.714776901179147,9.638922252384786,0.2312567854271091,0.25959990749883627,0.8538626290769843,0.21687936166957586,1.2831206383304272,3.56,2.3997395319713544,0.2,1.4,5.8801285588795,16.0,1.172069746775231,2.3269953033734274,0.3884043465809474,1.1653575407823507,0.38541744115510934,3.491403729095325
26.425,1.0,1.0,0.7136759783835047,9.64173228786034,0.23118463727591937,0.2595760936282653,0.8535068658776066,0.21672289700644656,1.2832771029935564,3.56,2.398638609175711,0.2,1.4,5.8801285588795,16.0,1.1715399560884574,2.326664834859943,0.3883240516565361,1.165109972852484,0.3854690760734171,3.4908679760022587
26.6,1.0,1.0,0.7126214938655574,9.644422521898445,0.23111566738546965,0.2595533646056332,0.8531668591444691,0.21657333765045433,1.2834266623495483,3.56,2.3975841246577643,0.2,1.4,5.8801285588795,16.0,1.1710323999694574,2.3263487931035427,0.3882472751081069,1.1648732639070638,0.3855184031200983,3.49035565296849
26.775,1.0,1.0,0.7116115665397112,9.646997909294235,0.23104973639477025,0.25953167032697444,0.8528419106201496,0.2164303787000313,1.2835696212999714,3.56,2.396574197331919,0.2,1.4,5.8801285588795,16.0,1.1705461871382703,2.326046556313832,0.3881738642989013,1.1646469420438417,0.3855655263527779,3.489865747622714
26.95,1.0,1.0,0.7106443854141913,9.649463211941592,0.23098671097994877,0.2595109630224988,0.8525313529204295,0.2162937287227302,1.2837062712772729,3.56,2.3956070162064,0.2,1.4,5.8801285588795,16.0,1.1700804587324982,2.325757528714985,0.38810367306016064,1.164430555387496,0.3856105450897636,3.4893972900952113
27.125,1.0,1.0,0.7097182074609412,9.651823005397837,0.2309264636018333,0.2594911971489882,0.8522345481875198,0.2161631091575221,1.283836890842481,3.56,2.3946808382531506,0.2,1.4,5.8801285588795,16.0,1.1696343873924795,2.325481139525547,0.3880365614332666,1.164223671285228,0.3856535541282069,3.488949351361194
27.3,1.0,1.0,0.7088313555112654,9.654081685299822,0.23086887226338146,0.25947232928664243,0.8519508867999862,0.21603825374321975,1.2839617462567838,3.56,2.393793986303474,0.2,1.4,5.8801285588795,16.0,1.169207176350225,2.325216841969656,0.38797239542074585,1.164025875528689,0.3856946439525578,3.4885210416364774
27.475,1.0,1.0,0.707982216180617,9.656243473628294,0.23081382027671238,0.25945431804021796,0.8516797861373137,0.2159189079718106,1.2840810920281926,3.56,2.392944846972826,0.2,1.4,5.8801285588795,16.0,1.1687980585244164,2.3249641123192486,0.38791104674604354,1.1638367716017533,0.38573390093382187,3.4881115088252437
27.65,1.0,1.0,0.7071692378255334,9.658312424818078,0.2307611960395092,0.259437123944301,0.8514206893971022,0.21580482856552283,1.2841951714344806,3.56,2.392131868617744,0.2,1.4,5.8801285588795,16.0,1.168406295623471,2.324722448966688,0.38785239262194915,1.1636559799535386,0.38577140752010325,3.4877199370194707
27.825,1.0,1.0,0.7063909241591415,9.660292441463673,0.23071088862022063,0.2594207113983558,0.8511730533546021,0.21569579526044644,1.2843042047395568,3.56,2.391353554951351,0.2,1.4,5.8801285588795,16.0,1.1680311772584764,2.3244913715271105,0.3877963155275618,1.16348313729601,0.3858072424189383,3.4873455450494717
28.0,1.0,1.0,0.7056458294791543,9.662187286794744,0.23066278707610932,0.25940504845439055,0.8509363408621237,0.21559161626990198,1.284408383730101,3.56,2.3906084602713653,0.2,1.4,5.8801285588795,16.0,1.167672018048059,2.3242704667379037,0.38774269851664245,1.1633179249510017,0.38584147674075026,3.4869875662892515
28.175,1.0,1.0,0.7049325849361483,9.664000527552364,0.23061681020243388,0.2593900919040379,0.8507100937580435,0.21549204512640155,1.2845079548736011,3.56,2.389895215728359,0.2,1.4,5.8801285588795,16.0,1.1673281554621242,2.3240594103532564,0.3876914244999982,1.163160078804738,0.3858741774217858,3.4866452366021745
28.35,1.0,1.0,0.7042498678168349,9.665735599254464,0.23057286386453427,0.259375810240534,0.8504938590348384,0.21539687038753702,1.284603129612466,3.56,2.389212498609046,0.2,1.4,5.8801285588795,16.0,1.166998961988204,2.323857651330044,0.38764240797213756,1.1630091893509138,0.3859054399159346,3.486317918338231
28.525,1.0,1.0,0.7035964064843118,9.667395801568547,0.23053085754362354,0.25936217363753616,0.8502871968841296,0.2153058958131171,1.2846941041868858,3.56,2.388559037276523,0.2,1.4,5.8801285588795,16.0,1.1666838309965815,2.323664754552086,0.38759554954288716,1.1628649396451582,0.3859353191211018,3.4860049743359505
28.7,1.0,1.0,0.7029709795454074,9.668984301120675,0.2304907052912185,0.25934915315433943,0.8500896844072854,0.21521893535124423,1.2847810646487587,3.56,2.387933610337619,0.2,1.4,5.8801285588795,16.0,1.1663821790557762,2.3234803256136143,0.3875507535796289,1.16272703813898,0.38596387095662077,3.485705783414098
28.875,1.0,1.0,0.7023724141460708,9.670504135906093,0.23045232523168382,0.25933672088493975,0.8499009165093547,0.21513581159136605,1.284864188408637,3.56,2.387335044938281,0.2,1.4,5.8801285588795,16.0,1.1660934455814536,2.3233039926972987,0.3875079292340117,1.1625952072423962,0.38599115241280657,3.4854197469374855
29.05,1.0,1.0,0.7017995842019038,9.671958219976242,0.23041563919065855,0.2593248500599558,0.8497205056964946,0.21505635508841903,1.284943644911584,3.56,2.386762214994115,0.2,1.4,5.8801285588795,16.0,1.1658170920801634,2.3231354015476033,0.38746698991999917,1.1624691812485637,0.3860172194686622,3.485146290553312
29.225,1.0,1.0,0.7012514086819105,9.67334934808493,0.23038057245998825,0.2593135150695805,0.8495480815105918,0.21498040392666562,1.2850195960733377,3.56,2.3862140394741216,0.2,1.4,5.8801285588795,16.0,1.1655526013605741,2.322974213654653,0.38742785292518994,1.1623487057376676,0.38604212616003025,3.484884864115802
29.4,1.0,1.0,0.7007268816896282,9.674680116114743,0.23034704631724906,0.25930270220769663,0.8493833761115476,0.21490773428508209,1.2850922657149213,3.56,2.385689512481841,0.2,1.4,5.8801285588795,16.0,1.165299476766888,2.322820105286903,0.387390439166949,1.1622335371746784,0.3860659243010226,3.4846349410118975
29.575,1.0,1.0,0.700224968854614,9.675953205558022,0.23031499831365201,0.25929237597428995,0.8492259101621024,0.21483831069828044,1.2851616893017228,3.56,2.3851875996468266,0.2,1.4,5.8801285588795,16.0,1.1650572560942283,2.3226725039158813,0.3873546652162721,1.1621233480962136,0.3860885802701482,3.4843961593899815
29.75,1.0,1.0,0.6997447202551245,9.677171063944376,0.23028436944337471,0.2592825104979624,0.8490753934042576,0.21477196061535458,1.2852280393846482,3.56,2.3847073510473367,0.2,1.4,5.8801285588795,16.0,1.1648254637652644,2.322531539920628,0.3873204649510613,1.1620180875635078,0.3861102597991904,3.48416780505901
29.925,1.0,1.0,0.699285219090877,9.678336048417883,0.23025509483172785,0.2592730864782221,0.8489315296679664,0.21470854083802263,1.2852914591619802,3.56,2.3842478498830886,0.2,1.4,5.8801285588795,16.0,1.1646036629946852,2.3223968119561333,0.3872877758741683,1.1619174724957075,0.3861310022114751,3.483949472071386
30.1,1.0,1.0,0.6988455853415204,9.67945042095791,0.23022711336189267,0.2592640850237401,0.8487940284100947,0.21464791997889912,1.2853520800211033,3.56,2.3838082161337306,0.2,1.4,5.8801285588795,16.0,1.164391432106515,2.322268018783771,0.38725652917854797,1.1618212895639861,0.3861508343368293,3.483740740061085
30.275,1.0,1.0,0.6984249750696438,9.680516350075738,0.23020036746270292,0.25925548752530614,0.8486626092990663,0.21458997391347667,1.2854100260865255,3.56,2.383387605861854,0.2,1.4,5.8801285588795,16.0,1.164188366240103,2.3221448927881436,0.38722666002386313,1.1617293436687979,0.38616978979800176,3.48354119462505
30.45,1.0,1.0,0.6980225790813942,9.681535913977777,0.23017480244784713,0.2592472759264704,0.8485370034919401,0.2145345844087571,1.2854654155912453,3.56,2.3829852098736044,0.2,1.4,5.8801285588795,16.0,1.163994077043564,2.322027183387212,0.38719810731450655,1.1616414492034084,0.3861879050905666,3.4833504350764035
30.625,1.0,1.0,0.6976376215532885,9.68251110400402,0.23015036615682694,0.2592394328562007,0.8484169537162684,0.21448163857568645,1.2855183614243157,3.56,2.3826002523454983,0.2,1.4,5.8801285588795,16.0,1.1638081920692611,2.321914652405022,0.38717081299820777,1.161557428518851,0.386205216760326,3.483168076663329
30.8,1.0,1.0,0.697269358711609,9.683443828045778,0.23012700876252268,0.25923194166923014,0.8483022139643587,0.2144310285504671,1.285568971449535,3.56,2.382231989503822,0.2,1.4,5.8801285588795,16.0,1.1636303541524526,2.321807072484828,0.38714472168619174,1.1614771115201703,0.3862217603084431,3.482993750835744
30.975,1.0,1.0,0.6969170775690383,9.684335913868123,0.2301046826433101,0.25922478644608,0.8481925490728418,0.21438265124714118,1.2856173487528608,3.56,2.381879708361252,0.2,1.4,5.8801285588795,16.0,1.1634602208131268,2.3217042263235044,0.387119780450811,1.1614003354056686,0.38623756985453866,3.4828271048816677
31.15,1.0,1.0,0.6965800947132968,9.685189112319664,0.2300833422789713,0.2592179519765663,0.8480877342759372,0.21433640813784072,1.2856635918621613,3.56,2.3815427255055095,0.2,1.4,5.8801285588795,16.0,1.1632974636832463,2.3216059061473557,0.3870959386917966,1.1613269444081453,0.3862526780681917,3.48266780137342
31.325,1.0,1.0,0.6962577551430073,9.686005100427513,0.2300629441566046,0.2592114237364153,0.8479875547610356,0.21429220504798902,1.2857077949520133,3.56,2.3812203859352215,0.2,1.4,5.8801285588795,16.0,1.1631417679570832,2.3215119132708906,0.3870731480276577,1.16125678952803,0.38626711618813336,3.482515517565323
31.5,1.0,1.0,0.695949431147285,9.686785484379337,0.2300434466821392,0.25920518786100444,0.8478918052361473,0.21424995196237348,1.2857500480376292,3.56,2.3809120619395,0.2,1.4,5.8801285588795,16.0,1.1629928318625231,2.321422057693161,0.3870513621975313,1.1611897282640051,0.3862809140688632,3.4823699447887773
31.675,1.0,1.0,0.6956545212265086,9.687531802395384,0.23002481009606393,0.25919923111807897,0.8478002895125026,0.21420956284052606,1.2857904371594764,3.56,2.380617152018723,0.2,1.4,5.8801285588795,16.0,1.1628503661517604,2.3213361577176688,0.38703053696880907,1.1611256243460912,0.38629410023516314,3.482230787860208
31.85,1.0,1.0,0.6953724490522921,9.688245527493732,0.23000699639287117,0.2591935408803915,0.8477128201033812,0.2141709554406148,1.2858290445593878,3.56,2.380335079844505,0.2,1.4,5.8801285588795,16.0,1.1627140936103297,2.3212540395908996,0.387010630049077,1.161064347474359,0.38630670193810795,3.4820977645074276
32.025,1.0,1.0,0.6951026624650869,9.688928070151945,0.22998996924399043,0.25918810509878415,0.8476292178393701,0.21413405115131143,1.285865948848691,3.56,2.3800652932572994,0.2,1.4,5.8801285588795,16.0,1.162583748583568,2.3211755371573375,0.3869916010018492,1.1610057730651058,0.38631874521033743,3.4819706048164463
32.2,1.0,1.0,0.6948446325080585,9.689580780868333,0.22997369392405095,0.25918291227601087,0.8475493114998576,0.2140987748312066,1.2859012251687965,3.56,2.37980726330027,0.2,1.4,5.8801285588795,16.0,1.1624590765198652,2.3211004915297,0.38697341116587214,1.160949782005515,0.38633025491976747,3.481849050699375
32.375,1.0,1.0,0.694597852496049,9.690204952625905,0.22995813724034203,0.2591779514414581,0.8474729374603758,0.2140650546553942,1.2859349453446087,3.56,2.3795604832882624,0.2,1.4,5.8801285588795,16.0,1.1623398335301125,2.3210287507735017,0.38695602357784,1.1608962604173076,0.38634125482139803,3.481732855383441
32.55,1.0,1.0,0.6943618371185152,9.69080182326218,0.22994326746533608,0.2591732121268526,0.8473999393552906,0.21403282196888446,1.2859671780311186,3.56,2.3793244679107293,0.2,1.4,5.8801285588795,16.0,1.162225785962868,2.32096016960521,0.3869394028983941,1.1608450994295443,0.38635176760709355,3.481621782920764
32.725,1.0,1.0,0.6941361215754189,9.69137257774778,0.22992905427215482,0.25916868434298557,0.8473301677552906,0.2140020111465263,1.2859979888534767,3.56,2.379098752367632,0.2,1.4,5.8801285588795,16.0,1.162116709994737,2.320894609103361,0.386923515341274,1.1607961949605756,0.3863618149532898,3.4815156077184177
32.9,1.0,1.0,0.6939202607450651,9.691918350376882,0.229915468672853,0.2591643585574602,0.8472634798591071,0.21397255945914037,1.2860274405408627,3.56,2.3788828915372786,0.2,1.4,5.8801285588795,16.0,1.162012391235567,2.3208319364320475,0.38690832860550217,1.1607494475089737,0.38637141756666193,3.481414114088143
33.075,1.0,1.0,0.6937138283829265,9.692440226872414,0.2299024829594012,0.25916022567344243,0.8471997391988805,0.21394440694558126,1.2860555930544215,3.56,2.378676459175141,0.2,1.4,5.8801285588795,16.0,1.1619126243480096,2.3207720245762298,0.3868938118104786,1.1607047619532314,0.3863805952277848,3.48131709581506
33.25,1.0,1.0,0.6935164163505123,9.692939246408834,0.22989007064725647,0.25915627700939264,0.847138815358607,0.21391749629046072,1.2860825037095422,3.56,2.378479047142725,0.2,1.4,5.8801285588795,16.0,1.1618172126810347,2.320714752088391,0.3868799354338664,1.1606620473599418,0.3863893668328506,3.4812243557447013
33.425,1.0,1.0,0.6933276338733515,9.693416403555341,0.22987820642140525,0.2591525042797392,0.8470805837051028,0.2138917727072822,1.2861082272927205,3.56,2.378290264665565,0.2,1.4,5.8801285588795,16.0,1.1617259679170104,2.320660002846021,0.38686667125215973,1.1606212168001853,0.38639775043352104,3.4811357053876577
33.6,1.0,1.0,0.6931471068271905,9.693872650142275,0.22986686608477797,0.2591488995764616,0.8470249251309413,0.21386718382673756,1.2861328161732648,3.56,2.378109737619403,0.2,1.4,5.8801285588795,16.0,1.1616387097319305,2.32060766581951,0.38685399228381506,1.1605821871737998,0.3864057632749712,3.4810509645411507
33.775,1.0,1.0,0.6929744770514968,9.69430889705332,0.2298560265089293,0.25914545535154143,0.8469717258088459,0.2138436795899433,1.2861563204100588,3.56,2.3779371078437093,0.2,1.4,5.8801285588795,16.0,1.1615552654684056,2.3205576348499832,0.3868418727348471,1.1605448790412374,0.3864134218322226,3.4809699609268674
33.95,1.0,1.0,0.6928094016894002,9.694726015946227,0.22984566558688865,0.2591421644002432,0.846920876957022,0.2138212121463922,1.28617878785361,3.56,2.377772032481614,0.2,1.4,5.8801285588795,16.0,1.1614754698210257,2.320509808436686,0.3868302879467819,1.1605092164626987,0.3864207418448191,3.4808925298443922
34.125,1.0,1.0,0.6926515525532053,9.695124840904523,0.22983576218808452,0.2591390198451868,0.8468722746149574,0.21379973575640948,1.2862002642435926,3.56,2.377614183345419,0.2,1.4,5.8801285588795,16.0,1.161399164533701,2.3204640895334965,0.38681921434687044,1.160475126844243,0.3864277383499366,3.480818513839581
34.3,1.0,1.0,0.6925006155146239,9.69550617002276,0.22982629611525654,0.2591360151211747,0.8468258194292152,0.2137792066979167,1.2862207933020853,3.56,2.3774632463068386,0.2,1.4,5.8801285588795,16.0,1.1613261981086178,2.320420385354199,0.38680862940046407,1.1604425407905865,0.38643442571397935,3.4807477623872916
34.475,1.0,1.0,0.6923562899188976,9.695870766927683,0.22981724806326484,0.2591331439607358,0.8467814164487856,0.21375958317730695,1.2862404168226953,3.56,2.3773189207111125,0.2,1.4,5.8801285588795,16.0,1.161256425526421,2.320378607186133,0.38679851156546646,1.1604113919643029,0.38644081766275346,3.480680131587839
34.65,1.0,1.0,0.6922182880219927,9.696219362237702,0.22980859957971791,0.2591304003803546,0.8467389749295582,0.21374082524425497,1.2862591747557472,3.56,2.377180918814206,0.2,1.4,5.8801285588795,16.0,1.161189707977261,2.320338670211865,0.3867888402487678,1.160381616951148,0.3864469273102594,3.4806154838766306
34.825,1.0,1.0,0.6920864236669158,9.696552450416394,0.2298004114229868,0.25912774637456304,0.8466986236382106,0.21372265922958716,1.286277340770415,3.56,2.3770490544591283,0.2,1.4,5.8801285588795,16.0,1.1611259126023417,2.3203004933385687,0.3867795957645824,1.160353155131266,0.38645276718619065,3.480553687746405
35.0,1.0,1.0,0.6919602823311144,9.696871040456902,0.2297924770443677,0.2591252654179891,0.846659891492971,0.21370549934111666,1.2862945006588853,3.56,2.3769229131233267,0.2,1.4,5.8801285588795,16.0,1.1610649534896944,2.3202630920080423,0.38677084309614246,1.1603254094124198,0.3864584187466293,3.4804949836726524
